   trueRobX;    trueRobY;  trueRobPsi;       meanX;       meanY;        varX;        varY;     Observe;
       1.45;           0;     1.44743; -0.000536113;    0.258565;   0.0249626;     1.64309;        1.45; 
        1.5;           0;     1.49688; -0.000540615;    0.265645;   0.0260097;     1.65867;     noimage; 
       1.55;           0;     1.54701; -0.000620311;    0.272471;   0.0272011;     1.58586;     noimage; 
        1.6;           0;     1.59873; -0.000929289;     0.28059;   0.0283186;      1.5911;     noimage; 
       1.65;           0;     1.64723; -0.00108759;    0.286293;   0.0294953;     1.53614;     noimage; 
        1.7;           0;     1.69981; -0.00093624;    0.293432;   0.0307155;     1.53182;     noimage; 
       1.75;           0;     1.74626; -0.000825301;    0.299051;   0.0318033;     1.54032;     noimage; 
        1.8;           0;     1.80164; -0.000871315;    0.307675;   0.0331571;     1.52337;     noimage; 
       1.85;           0;     1.84961; -0.00101346;    0.312394;   0.0343299;     1.54055;     noimage; 
        1.9;           0;     1.89735; -0.000798855;    0.315945;   0.0355326;     1.54931;     noimage; 
       1.95;           0;     1.94975; -0.000522611;    0.322592;   0.0369427;     1.52104;     noimage; 
          2;           0;     1.99923; -0.000450012;    0.327687;   0.0383848;     1.47458;     noimage; 
       2.05;           0;     2.04641; -0.000355963;     0.33271;   0.0397398;     1.49879;     noimage; 
        2.1;           0;     2.09742; -0.000348457;    0.341213;   0.0412695;     1.50672;     noimage; 
       2.15;           0;     2.14508; -0.000315634;    0.343985;   0.0427862;     1.49486;     noimage; 
        2.2;           0;     2.19645; -0.000257318;    0.347757;   0.0444204;     1.51534;     noimage; 
       2.25;           0;     2.24904; -5.54325e-05;    0.354064;   0.0461114;     1.54438;     noimage; 
        2.3;           0;     2.29992; 0.000298152;    0.359741;   0.0478137;     1.54792;     noimage; 
       2.35;           0;     2.34826; 0.000470919;    0.364256;   0.0494316;     1.56561;     noimage; 
        2.4;           0;     2.39818; 0.000508184;    0.369263;   0.0511977;     1.54915;     noimage; 
       2.45;           0;     2.44568;  0.00055011;    0.374528;   0.0528144;     1.58914;     noimage; 
        2.5;           0;     2.49845; 0.000324406;    0.378596;    0.054661;     1.61794;     noimage; 
       2.55;           0;     2.54763; 0.000206147;    0.383423;    0.056434;     1.63372;     noimage; 
        2.6;           0;     2.59728; 0.000335624;    0.389064;   0.0582457;     1.62631;     noimage; 
       2.65;           0;     2.64883; 0.000483482;    0.393206;   0.0601346;     1.65585;     noimage; 
        2.7;           0;     2.70067; 0.000748608;    0.398417;   0.0620642;      1.6568;     noimage; 
       2.75;           0;     2.74426; 0.000830726;    0.401714;   0.0637123;     1.67952;     noimage; 
        2.8;           0;     2.79724; 0.000717368;    0.405706;   0.0658656;      1.6629;     noimage; 
       2.85;           0;     2.84756; 0.000718089;    0.408282;   0.0678721;     1.69123;     noimage; 
        2.9;           0;     2.89933; 0.000765313;    0.412969;   0.0699816;     1.69316;     noimage; 
       2.95;           0;     2.94406; 0.000875749;    0.416629;    0.071806;     1.70146;     noimage; 
          3;           0;     2.99831;  0.00100748;     0.42274;   0.0740795;     1.68205;     noimage; 
       3.05;           0;     3.04905; 0.000955787;     0.42611;   0.0762061;     1.69814;     noimage; 
        3.1;           0;      3.0996;  0.00105996;    0.429334;   0.0783486;     1.72237;     noimage; 
       3.15;           0;     3.14956;  0.00112727;    0.433298;   0.0805069;     1.72136;     noimage; 
        3.2;           0;     3.19884; 0.000931794;     0.43692;   0.0827066;     1.71909;     noimage; 
       3.25;           0;     3.24842; 0.000856623;    0.439662;   0.0849074;     1.75643;     noimage; 
        3.3;           0;     3.29878; 0.000960367;    0.445369;   0.0871749;     1.74865;     noimage; 
       3.35;           0;     3.34938;  0.00090082;      0.4525;    0.089413;     1.78559;     noimage; 
        3.4;           0;     3.40122; 0.000692634;     0.45658;   0.0917738;     1.80137;     noimage; 
       3.45;           0;     3.44939; 0.000894986;     0.46145;   0.0939976;     1.81764;     noimage; 
        3.5;           0;     3.50035;  0.00102973;    0.464818;   0.0964313;     1.78412;     noimage; 
       3.55;           0;     3.55232; 0.000935656;    0.467901;   0.0987771;     1.85632;     noimage; 
        3.6;           0;      3.6034; 0.000852915;    0.471617;    0.101231;     1.87007;     noimage; 
       3.65;           0;     3.64865; 0.000949249;     0.47682;    0.103354;     1.90068;     noimage; 
        3.7;           0;     3.69751;  0.00617451;    0.175982;   0.0722346;     3.85099;         3.7; 
       3.75;           0;     3.74263;  0.00612945;    0.185643;   0.0730058;     3.38345;     noimage; 
        3.8;           0;     3.79445;  0.00624228;    0.195848;   0.0738034;      3.1743;     noimage; 
       3.85;           0;     3.84673;  0.00655221;    0.206234;    0.074578;     3.13965;     noimage; 
        3.9;           0;     3.89385;  0.00683554;    0.212466;    0.075347;     3.06883;     noimage; 
       3.95;           0;     3.94313;  0.00695331;    0.220824;   0.0762521;     2.83119;     noimage; 
          4;           0;     3.99489;  0.00738928;    0.229648;   0.0771983;     2.64168;     noimage; 
       4.05;           0;     4.04421;  0.00778182;    0.238276;   0.0782339;     2.29087;     noimage; 
        4.1;           0;     4.09713;  0.00798527;    0.249004;   0.0792439;      2.2841;     noimage; 
       4.15;           0;     4.14504;  0.00829599;     0.25555;   0.0801696;     2.34209;     noimage; 
        4.2;           0;     4.19435;  0.00833515;    0.263726;   0.0812587;     2.24589;     noimage; 
       4.25;           0;     4.24284;  0.00826345;    0.268948;   0.0824776;     1.98226;     noimage; 
        4.3;           0;     4.29277;  0.00822095;    0.275983;   0.0836264;     1.95869;     noimage; 
    4.34998;  0.00124987;     4.34378;  0.00943727;    0.283533;   0.0849364;     1.91672;     noimage; 
    4.39984;  0.00499636;     4.39475;    0.013418;    0.290381;   0.0864238;       2.017;     noimage; 
    4.44945;   0.0112301;       4.443;   0.0196267;    0.294011;   0.0884054;     2.29721;     noimage; 
    4.49869;   0.0199355;     4.49324;   0.0286052;    0.300198;   0.0905937;     2.54081;     noimage; 
    4.54743;   0.0310908;     4.54328;    0.040293;     0.30729;   0.0936454;     2.99233;     noimage; 
    4.59555;   0.0446682;     4.58998;   0.0539344;    0.310314;   0.0973089;     3.34916;     noimage; 
    4.64293;   0.0606336;      4.6344;   0.0691327;    0.314486;     0.10134;     3.76907;     noimage; 
    4.68946;   0.0789472;     4.68259;   0.0880991;    0.318433;    0.107324;     4.37986;     noimage; 
    4.73501;   0.0995633;     4.72821;     0.10885;    0.322876;    0.113687;     5.02615;     noimage; 
    4.77948;     0.12243;      4.7738;    0.132427;     0.32762;    0.120638;     5.72408;     noimage; 
    4.82274;    0.147491;     4.81671;    0.157684;    0.331481;    0.128602;     6.46366;     noimage; 
     4.8647;    0.174683;     4.85756;    0.184779;    0.334928;    0.136415;     7.04832;     noimage; 
    4.90525;    0.203937;     4.89798;    0.214373;    0.339298;    0.144422;     7.72701;     noimage; 
    4.94428;    0.235182;     4.93447;    0.243552;    0.342113;    0.152168;     8.09407;     noimage; 
    4.98171;    0.268339;     4.97418;    0.278961;    0.344499;    0.162726;     8.55676;     noimage; 
    5.01743;    0.303325;     5.00915;    0.313727;    0.347776;    0.172016;     8.92411;     noimage; 
    5.05136;    0.340052;     5.04418;    0.351932;    0.351405;    0.183174;     9.51132;     noimage; 
    5.08341;    0.378429;     5.07465;    0.388728;    0.355218;    0.192074;     9.72742;     noimage; 
     5.1135;     0.41836;     5.10429;    0.428329;     0.35903;    0.201824;     9.68146;     noimage; 
    5.14156;    0.459746;     5.13278;    0.470543;    0.363183;    0.212864;     9.73021;     noimage; 
    5.16751;    0.502481;     5.15934;      0.5147;    0.368173;    0.223118;     9.47171;     noimage; 
     5.1913;    0.546461;     5.18265;    0.558415;    0.373402;    0.233265;     9.04452;     noimage; 
    5.21286;    0.591574;     5.20296;    0.601527;    0.378623;    0.243206;     8.55956;     noimage; 
    5.23214;    0.637709;     5.22304;    0.650095;     0.38512;    0.252531;     8.01239;     noimage; 
    5.24908;    0.684749;     5.23898;    0.694789;    0.391329;    0.262619;     7.31891;     noimage; 
    5.26366;    0.732577;     5.25382;    0.743901;    0.398681;    0.272021;     5.93077;     noimage; 
    5.27583;    0.781075;     5.26551;     0.79064;    0.405747;    0.280738;     5.06263;     noimage; 
    5.28555;    0.830119;     5.27508;     0.83952;    0.413163;    0.288531;     3.56979;     noimage; 
    5.29282;    0.879589;     5.28255;    0.891549;    0.421235;    0.296125;     3.03535;     noimage; 
     5.2976;     0.92936;     5.28692;    0.939852;    0.429141;    0.301501;     1.57632;     noimage; 
    5.29989;    0.979307;     5.28867;    0.991033;    0.437468;     0.30919; -0.00744779;     noimage; 
    5.29968;     1.02931;      5.2882;     1.03781;    0.445187;    0.313882;     -1.0152;     noimage; 
    5.29822;     1.07929;     5.29036;     1.07928;    0.181113;    0.172183;     60.3949;     5.29822; 
    5.29676;     1.12926;     5.28808;     1.13187;    0.194063;    0.176082;     66.9991;     noimage; 
     5.2953;     1.17924;     5.28653;     1.17969;    0.205481;    0.179445;      72.048;     noimage; 
    5.29384;     1.22922;     5.28518;     1.23077;    0.218154;    0.182739;      76.885;     noimage; 
    5.29238;      1.2792;     5.28409;     1.28002;    0.228376;    0.185199;     79.4745;     noimage; 
    5.29092;     1.32918;     5.28278;     1.33181;    0.238681;    0.187877;     81.5695;     noimage; 
    5.28946;     1.37916;     5.28141;     1.38103;    0.248773;    0.190487;     83.5516;     noimage; 
      5.288;     1.42914;     5.28004;     1.43239;    0.254842;     0.19318;     84.9526;     noimage; 
    5.28654;     1.47911;     5.27891;     1.47672;    0.258291;    0.195449;     85.5652;     noimage; 
    5.28508;     1.52909;     5.27775;     1.52713;    0.264452;    0.198524;     87.3404;     noimage; 
    5.28362;     1.57907;     5.27655;     1.58383;    0.272185;    0.201808;     88.5627;     noimage; 
    5.28216;     1.62905;     5.27563;     1.62997;    0.275537;    0.204452;     88.6837;     noimage; 
     5.2807;     1.67903;     5.27476;     1.67872;     0.28112;    0.207438;     89.1024;     noimage; 
    5.27924;     1.72901;     5.27373;     1.72646;    0.286581;    0.210584;     89.6196;     noimage; 
    5.27778;     1.77899;     5.27243;     1.77879;     0.29205;    0.213981;    -89.7748;     noimage; 
    5.27632;     1.82897;     5.27137;     1.82658;     0.29838;    0.217088;    -89.4801;     noimage; 
    5.27486;     1.87894;     5.27017;     1.87722;    0.303324;    0.220695;    -88.6176;     noimage; 
     5.2734;     1.92892;     5.26863;     1.92896;    0.309787;    0.224283;    -88.6961;     noimage; 
    5.27194;      1.9789;     5.26723;     1.97818;    0.315748;    0.227791;    -87.9488;     noimage; 
    5.27048;     2.02888;     5.26641;     2.02615;     0.32194;    0.231362;    -87.8152;     noimage; 
    5.26902;     2.07886;     5.26564;     2.07911;    0.328507;    0.235271;      -87.05;     noimage; 
    5.26756;     2.12884;      5.2645;     2.12797;    0.332578;    0.239072;    -86.6803;     noimage; 
     5.2661;     2.17882;     5.26313;     2.17862;    0.338045;    0.243045;     -86.246;     noimage; 
    5.26464;      2.2288;     5.26192;     2.22873;    0.344727;    0.247073;    -86.1513;     noimage; 
    5.26318;     2.27877;     5.26103;     2.27772;    0.349405;    0.250906;    -85.9564;     noimage; 
    5.26172;     2.32875;     5.26016;     2.32526;    0.354154;    0.254721;    -86.0946;     noimage; 
    5.26026;     2.37873;     5.25902;     2.37831;    0.357284;    0.259043;    -85.7262;     noimage; 
     5.2588;     2.42871;     5.25791;     2.42827;     0.36236;    0.263266;    -85.6621;     noimage; 
    5.25734;     2.47869;     5.25673;     2.47771;    0.368975;    0.267565;    -85.6092;     noimage; 
    5.25588;     2.52867;     5.25549;     2.52874;     0.37124;    0.272437;    -85.9571;     noimage; 
    5.25442;     2.57865;     5.25427;     2.57933;    0.377944;    0.277196;    -86.1141;     noimage; 
    5.25296;     2.62862;     5.25314;     2.62653;    0.380463;    0.281455;    -86.1733;     noimage; 
     5.2515;      2.6786;     5.25202;     2.67943;    0.387331;    0.286357;    -86.0606;     noimage; 
    5.25004;     2.72858;     5.25097;     2.73148;    0.391388;    0.291312;    -85.9834;     noimage; 
    5.24858;     2.77856;     5.24981;     2.77886;    0.395606;    0.295791;    -85.7018;     noimage; 
    5.24712;     2.82854;     5.24846;     2.82688;    0.399914;     0.30044;    -85.6869;     noimage; 
    5.24566;     2.87852;     5.24728;     2.87692;     0.40463;    0.305277;    -85.3978;     noimage; 
     5.2442;      2.9285;     5.24628;     2.92565;    0.407414;    0.309919;    -85.2188;     noimage; 
    5.24274;     2.97848;     5.24519;     2.97591;    0.412179;    0.314787;    -85.1351;     noimage; 
    5.24128;     3.02845;     5.24421;     3.02841;    0.417222;     0.31982;    -84.7605;     noimage; 
    5.23982;     3.07843;     5.24309;     3.07529;    0.420749;    0.324641;    -84.4417;     noimage; 
    5.23836;     3.12841;      5.2418;     3.12825;    0.424025;     0.33003;    -84.4485;     noimage; 
     5.2369;     3.17839;     5.24072;      3.1779;    0.426795;    0.334874;    -84.2737;     noimage; 
    5.23544;     3.22837;     5.23953;      3.2289;    0.431011;     0.34012;    -84.5516;     noimage; 
    5.23398;     3.27835;     5.23845;     3.27691;    0.434563;    0.345341;    -84.6818;     noimage; 
    5.23252;     3.32833;     5.23802;     3.32832;    0.441463;    0.350715;    -84.7656;     5.23252; 
    5.23106;      3.3783;     5.23631;      3.3767;    0.444287;    0.355758;    -84.7112;     noimage; 
     5.2296;     3.42828;     5.23499;     3.43073;     0.44896;    0.361176;    -84.1992;     noimage; 
    5.22814;     3.47826;     5.23384;     3.47554;    0.453528;    0.366274;    -84.3584;     noimage; 
    5.22668;     3.52824;     5.23282;     3.52514;    0.456722;     0.37162;    -84.3243;     noimage; 
    5.22522;     3.57822;     5.23182;     3.57729;    0.463967;    0.377245;      -84.49;     noimage; 
    5.22376;      3.6282;     5.23062;     3.62738;    0.465823;    0.382536;    -84.0921;     noimage; 
     5.2223;     3.67818;     5.22951;     3.67333;    0.469306;    0.387527;    -84.0037;     noimage; 
    5.22084;     3.72816;     5.22842;     3.72448;    0.474265;    0.393025;    -84.0526;     noimage; 
    5.21938;     3.77813;     5.22714;     3.77587;    0.477264;    0.398668;    -84.1863;     noimage; 
    5.21792;     3.82811;     5.22572;     3.82203;    0.479779;    0.403619;    -83.8721;     noimage; 
    5.21646;     3.87809;      5.2241;     3.87703;    0.486606;    0.409892;    -84.3778;     noimage; 
      5.215;     3.92807;     5.22296;     3.92439;    0.490456;    0.415155;    -83.9018;     noimage; 
    5.21354;     3.97805;       5.222;     3.97367;    0.493319;    0.420523;    -83.2059;     noimage; 
    5.21208;     4.02803;     5.22102;     4.02398;    0.496338;    0.425954;    -82.4748;     noimage; 
    5.21062;     4.07801;     5.21994;     4.07422;    0.498251;    0.431644;    -82.0176;     noimage; 
    5.20916;     4.12798;     5.21874;      4.1224;    0.499909;    0.436796;    -80.9505;     noimage; 
     5.2077;     4.17796;     5.21742;     4.17491;    0.502531;    0.442739;    -80.5307;     noimage; 
    5.20624;     4.22794;     5.21614;      4.2264;    0.506836;    0.448528;    -80.6232;     noimage; 
    5.20478;     4.27792;     5.21476;     4.27777;    0.509496;    0.454525;     -80.481;     noimage; 
    5.20332;      4.3279;     5.21346;     4.32428;     0.51452;    0.459907;    -80.5897;     noimage; 
    5.20186;     4.37788;     5.21202;     4.37382;    0.518817;    0.465587;    -80.6335;     noimage; 
    5.19915;      4.4278;     5.20983;     4.42088;    0.521825;    0.470723;    -79.6013;     noimage; 
    5.19395;     4.47753;     5.20415;     4.47895;    0.526362;    0.477668;    -79.5216;     noimage; 
    5.18627;     4.52694;     5.19729;     4.52336;    0.528667;    0.482878;    -78.6146;     noimage; 
    5.17613;      4.5759;     5.18687;     4.57481;    0.532739;    0.488839;    -78.0454;     noimage; 
    5.16356;     4.62429;     5.17544;     4.61972;    0.534927;    0.494112;    -77.1971;     noimage; 
    5.14858;       4.672;     5.16176;     4.66478;    0.536203;    0.499821;    -75.6773;     noimage; 
    5.13124;      4.7189;       5.142;     4.71898;    0.540819;    0.506491;      -74.88;     noimage; 
    5.11157;     4.76487;     5.12287;     4.76379;    0.541281;    0.512426;    -72.4161;     noimage; 
    5.08964;      4.8098;     5.10195;     4.80708;    0.543089;    0.518312;      -71.16;     noimage; 
    5.06548;     4.85357;     5.07695;     4.85274;    0.544064;    0.525008;    -68.0555;     noimage; 
    5.03917;     4.89609;     5.05031;     4.89571;    0.544613;    0.531633;    -64.2993;     noimage; 
    5.01076;     4.93724;       5.024;     4.93376;    0.548123;    0.537176;    -63.1367;     noimage; 
    4.98034;     4.97691;     4.99559;     4.97129;    0.550256;    0.543259;    -60.0476;     noimage; 
    4.94796;     5.01502;     4.96021;     5.01325;    0.553875;     0.55016;    -56.6131;     noimage; 
    4.91373;     5.05146;     4.92882;     5.04695;    0.557473;    0.556062;    -52.9004;     noimage; 
    4.87772;     5.08615;     4.89256;     5.08255;    0.562521;    0.562446;    -43.1288;     noimage; 
    4.84001;     5.11899;     4.85302;     5.11737;    0.570327;     0.56873;    -35.3412;     noimage; 
    4.80072;      5.1499;     4.81362;     5.14851;    0.577058;     0.57482;    -31.8851;     noimage; 
    4.75992;     5.17882;     4.77368;     5.17695;    0.588771;    0.579323;    -13.1459;     noimage; 
    4.71774;     5.20565;     4.73056;     5.20449;     0.59792;    0.582559;  -0.0401707;     noimage; 
    4.67426;     5.23035;     4.69281;     5.22637;    0.602723;    0.585825;     6.06732;     noimage; 
    4.62961;     5.25284;     4.64608;     5.25041;    0.606141;    0.588408;      13.412;     noimage; 
    4.58388;     5.27307;     4.60126;     5.27038;    0.611455;    0.591067;     16.0238;     noimage; 
     4.5372;       5.291;     4.54924;     5.28892;    0.576728;    0.527469;      5.0828;      4.5372; 
    4.48969;     5.30656;     4.50497;     5.30324;    0.578312;    0.528746;     9.15932;     noimage; 
    4.44146;     5.31974;     4.45847;     5.31613;    0.580718;    0.531389;     11.6322;     noimage; 
    4.39262;     5.33048;     4.40818;     5.32763;    0.583599;    0.533637;     14.2757;     noimage; 
    4.34332;     5.33877;     4.35895;     5.33628;    0.584792;    0.536829;     16.4366;     noimage; 
    4.29366;     5.34459;     4.30761;     5.34253;    0.583993;      0.5392;     19.1876;     noimage; 
    4.24377;     5.34791;     4.25881;     5.34595;    0.580053;    0.541465;     22.1091;     noimage; 
    4.19377;     5.34874;     4.20689;     5.34695;     0.57995;    0.544487;     24.1623;     noimage; 
     4.1438;     5.34707;      4.1585;     5.34567;    0.576915;    0.546467;     26.6931;     noimage; 
    4.09398;     5.34291;     4.10835;     5.34194;    0.573585;    0.548767;     29.1285;     noimage; 
    4.04442;     5.33626;     4.06121;     5.33612;    0.571603;    0.551289;     31.1246;     noimage; 
    3.99526;     5.32714;     4.01019;     5.32709;    0.566503;    0.552874;     34.1439;     noimage; 
    3.94661;     5.31557;     3.96524;     5.31681;    0.564743;    0.555213;     36.1827;     noimage; 
    3.89861;     5.30159;     3.91594;     5.30306;    0.563284;     0.55765;     38.4449;     noimage; 
    3.85136;     5.28523;     3.86446;     5.28576;    0.562337;     0.56008;     40.9655;     noimage; 
    3.80454;     5.26769;     3.82131;      5.2698;    0.562605;    0.562126;     43.1719;     noimage; 
    3.75772;     5.25015;     3.77379;     5.25231;    0.564262;    0.564233;     45.4358;     noimage; 
    3.71089;     5.23261;     3.72556;     5.23453;    0.567736;    0.566604;     47.6785;     noimage; 
    3.66407;     5.21507;     3.67848;     5.21713;    0.572972;    0.569144;     49.8711;     noimage; 
    3.61725;     5.19753;     3.63244;     5.20013;    0.579433;    0.572036;     51.6765;     noimage; 
    3.57042;        5.18;     3.58401;     5.18228;     0.58756;     0.57338;     54.0879;     noimage; 
     3.5236;     5.16246;      3.5358;     5.16456;    0.596956;    0.577441;     55.5793;     noimage; 
    3.47636;     5.14609;     3.48743;     5.14821;    0.607652;    0.580424;     57.3565;     noimage; 
    3.42835;     5.13211;     3.44307;      5.1356;    0.618005;    0.582548;     58.9106;     noimage; 
    3.37971;     5.12055;     3.39295;      5.1236;    0.628942;    0.586864;     59.8981;     noimage; 
    3.33054;     5.11143;     3.34617;     5.11497;    0.641371;    0.588806;     61.4975;     noimage; 
    3.28099;     5.10478;     3.29814;     5.10863;    0.656123;    0.590977;     63.3223;     noimage; 
    3.23128;     5.09937;     3.24588;     5.10318;    0.670921;    0.593363;     64.7551;     noimage; 
    3.18158;     5.09396;     3.19633;     5.09813;    0.682913;    0.596003;     65.4508;     noimage; 
    3.13187;     5.08855;     3.14867;      5.0931;    0.695573;    0.598524;     66.2463;     noimage; 
    3.08216;     5.08314;     3.09736;     5.08745;    0.710091;    0.601169;     67.1608;     noimage; 
    3.03246;     5.07773;     3.04764;     5.08196;    0.724433;    0.604259;     67.9566;     noimage; 
    2.98275;     5.07232;     2.99553;     5.07662;    0.741051;    0.610992;     68.7892;     noimage; 
    2.93304;     5.06691;     2.94766;     5.07168;    0.755126;    0.611164;     69.5288;     noimage; 
    2.88334;      5.0615;     2.90105;     5.06685;    0.769597;    0.613895;     70.2266;     noimage; 
    2.83363;     5.05609;     2.84793;      5.0613;    0.786277;    0.618243;     70.8906;     noimage; 
    2.78392;     5.05068;     2.79935;     5.05595;    0.802329;    0.621836;     71.5763;     noimage; 
    2.73422;     5.04527;     2.74929;     5.05054;    0.821088;    0.625235;     72.6335;     noimage; 
    2.68451;     5.03986;     2.70163;     5.04553;    0.838887;     0.62844;     73.5386;     noimage; 
     2.6348;     5.03445;     2.65089;      5.0401;    0.857405;    0.631155;     74.4223;     noimage; 
    2.58498;     5.03028;     2.60117;     5.03619;    0.874917;    0.633602;     75.1134;     noimage; 
    2.53501;     5.02861;     2.55184;     5.03477;    0.891133;    0.636456;     75.5686;     noimage; 
    2.48501;     5.02819;     2.50361;     5.03461;    0.907115;    0.639141;     76.0345;     noimage; 
    2.43501;     5.02777;     2.45179;     5.03451;    0.923921;    0.642066;     76.3883;     noimage; 
    2.38501;     5.02735;     2.40049;     5.03439;     0.94157;    0.644007;     76.9001;     noimage; 
    2.33501;     5.02693;      2.3427;     5.03002;    0.489038;    0.386337;     78.6063;     2.33501; 
    2.28501;     5.02651;     2.29581;     5.02965;    0.494469;    0.391568;     77.9949;     noimage; 
    2.23502;     5.02609;     2.24249;     5.02912;    0.503346;    0.394937;     78.6354;     noimage; 
    2.18502;     5.02567;     2.19222;     5.02866;    0.511825;    0.398454;      79.241;     noimage; 
    2.13502;     5.02525;      2.1489;     5.02819;    0.518727;    0.400859;     79.5147;     noimage; 
    2.08502;     5.02483;     2.09662;     5.02761;    0.525321;    0.407269;     78.9878;     noimage; 
    2.03502;     5.02441;     2.04218;      5.0271;    0.534294;    0.413356;     79.2275;     noimage; 
    1.98503;     5.02399;     1.99577;     5.02629;    0.541256;    0.417836;     79.1387;     noimage; 
    1.93503;     5.02357;     1.94603;     5.02551;    0.549382;    0.423291;     79.3425;     noimage; 
    1.88503;     5.02315;     1.89647;     5.02502;    0.556922;    0.426097;     79.3209;     noimage; 
    1.83503;     5.02273;     1.84335;     5.02432;    0.565436;    0.430651;     79.4854;     noimage; 
    1.78503;     5.02231;     1.79617;     5.02383;    0.573212;    0.434071;     79.6985;     noimage; 
    1.73503;     5.02189;     1.74475;     5.02319;    0.581996;    0.437807;     79.9762;     noimage; 
    1.68504;     5.02147;     1.69433;     5.02239;    0.590353;    0.442266;     80.1476;     noimage; 
    1.63504;     5.02105;     1.64702;     5.02208;    0.598256;    0.445438;     80.4141;     noimage; 
    1.58504;     5.02063;     1.59513;     5.02186;    0.607832;    0.450428;     80.9117;     noimage; 
    1.53504;     5.02021;     1.54522;     5.02146;    0.615565;    0.455486;     80.7929;     noimage; 
    1.48504;     5.01979;     1.49373;     5.02088;    0.624341;    0.457028;      81.007;     noimage; 
    1.43504;     5.01937;     1.44587;     5.02017;    0.632078;    0.458619;     81.0411;     noimage; 
    1.38505;     5.01895;      1.3983;     5.01978;    0.640532;    0.462455;     81.3867;     noimage; 
    1.33505;     5.01853;     1.34404;     5.01951;    0.649779;    0.466361;     81.5127;     noimage; 
    1.28505;     5.01811;     1.29576;     5.01898;    0.658443;    0.470493;     81.8127;     noimage; 
    1.23505;     5.01769;     1.24448;      5.0183;    0.667622;    0.475218;     82.1001;     noimage; 
    1.18505;     5.01726;     1.19526;     5.01784;    0.676081;    0.479017;      82.184;     noimage; 
    1.13506;     5.01684;     1.14502;     5.01745;    0.684368;    0.483803;     82.1251;     noimage; 
    1.08506;     5.01642;     1.09861;     5.01696;    0.691428;    0.487115;     81.8735;     noimage; 
    1.03506;       5.016;     1.04168;     5.01642;    0.700826;    0.493164;     81.8123;     noimage; 
   0.985061;     5.01558;    0.996205;     5.01592;     0.70872;    0.496172;     81.8776;     noimage; 
   0.935063;     5.01516;    0.941318;     5.01504;    0.717853;     0.50109;     81.8389;     noimage; 
   0.885064;     5.01474;    0.896404;     5.01435;    0.725386;    0.503959;     81.8614;     noimage; 
   0.835066;     5.01432;    0.844564;      5.0137;    0.734922;    0.508635;     82.1134;     noimage; 
   0.785068;      5.0139;    0.796083;     5.01316;    0.742927;    0.512607;     82.0365;     noimage; 
    0.73507;     5.01348;    0.742189;     5.01262;    0.752338;    0.516024;     82.1937;     noimage; 
   0.685071;     5.01306;    0.693722;      5.0121;    0.760544;    0.519094;     82.1581;     noimage; 
   0.635073;     5.01264;    0.644582;     5.01146;    0.769333;    0.523987;     82.2624;     noimage; 
   0.585075;     5.01222;    0.594966;     5.01057;    0.778415;    0.528297;     82.4811;     noimage; 
   0.535077;      5.0118;    0.548661;     5.01003;    0.786865;    0.533918;     82.5628;     noimage; 
   0.485079;     5.01138;    0.496982;     5.00965;    0.796637;    0.537467;     82.8596;     noimage; 
    0.43508;     5.01096;    0.445367;     5.00913;    0.805776;    0.541328;     82.9517;     noimage; 
   0.385082;     5.01054;    0.396749;     5.00871;    0.815447;    0.544557;     83.3275;     noimage; 
   0.335084;     5.01012;    0.346939;     5.00854;    0.824595;    0.548516;     83.5548;     noimage; 
   0.285086;      5.0097;    0.295968;     5.00829;    0.833882;     0.55289;     83.6751;     noimage; 
   0.235087;     5.00928;    0.244634;     5.00758;     0.84243;    0.556064;     83.5915;     noimage; 
   0.185089;     5.00886;    0.193671;     5.00711;    0.852505;    0.559522;      83.917;     noimage; 
   0.135091;     5.00844;    0.142085;     5.00643;     0.86212;    0.562581;     84.0719;     noimage; 
  0.0850926;     5.00802;   0.0984173;     4.99939;    0.284253;    0.101848;    -9.25891;   0.0850926; 
  0.0350944;      5.0076;   0.0459718;     4.99891;    0.289092;    0.101989;     -9.0373;     noimage; 
 -0.0149038;     5.00718; -0.00186272;     4.99853;    0.296322;    0.102396;    -8.67558;     noimage; 
 -0.0649021;     5.00676;  -0.0531668;     4.99813;     0.30429;    0.103183;    -8.11914;     noimage; 
    -0.1149;     5.00634;   -0.102501;     4.99758;    0.309746;    0.103701;     -7.7821;     noimage; 
  -0.164899;     5.00591;   -0.153345;     4.99697;    0.315737;    0.103907;    -7.55826;     noimage; 
  -0.214897;     5.00549;   -0.205513;     4.99643;    0.322019;    0.103859;    -7.46724;     noimage; 
  -0.264895;     5.00507;   -0.254053;     4.99593;    0.327395;    0.104038;    -7.27682;     noimage; 
  -0.314893;     5.00465;   -0.303793;     4.99515;    0.334492;    0.104327;    -7.05956;     noimage; 
  -0.364891;     5.00423;   -0.354165;     4.99445;     0.33999;    0.104868;    -6.76992;     noimage; 
   -0.41489;     5.00381;   -0.402547;     4.99404;    0.344315;    0.104935;    -6.73247;     noimage; 
  -0.464888;     5.00339;   -0.450723;     4.99349;    0.347495;    0.105218;    -6.63873;     noimage; 
  -0.514886;     5.00297;   -0.502543;     4.99276;    0.354716;    0.105704;    -6.42014;     noimage; 
  -0.564884;     5.00255;   -0.551105;     4.99222;    0.358989;    0.105962;    -6.35902;     noimage; 
  -0.614883;     5.00213;   -0.602336;     4.99168;    0.363523;     0.10627;    -6.29739;     noimage; 
  -0.664881;     5.00171;   -0.653651;     4.99089;    0.368543;    0.106819;     -6.1034;     noimage; 
  -0.714879;     5.00129;   -0.704313;     4.99013;     0.37444;    0.107193;    -6.03548;     noimage; 
  -0.764877;     5.00087;    -0.75082;     4.98937;    0.379859;    0.107698;    -5.87178;     noimage; 
  -0.814876;     5.00045;   -0.802924;     4.98847;    0.385661;    0.108154;     -5.7511;     noimage; 
  -0.864874;     5.00003;   -0.850617;     4.98782;    0.390728;    0.108818;    -5.54574;     noimage; 
  -0.914872;     4.99961;   -0.900066;     4.98712;    0.396028;    0.109469;    -5.42653;     noimage; 
   -0.96487;     4.99919;    -0.94729;     4.98665;    0.399958;    0.109919;    -5.42466;     noimage; 
   -1.01487;     4.99877;    -1.00128;     4.98605;    0.404988;    0.110872;    -5.18896;     noimage; 
   -1.06487;     4.99835;    -1.05577;     4.98517;    0.411033;    0.111673;    -5.04923;     noimage; 
   -1.11486;     4.99793;    -1.10037;     4.98454;    0.413668;    0.112399;    -4.94963;     noimage; 
   -1.16486;     4.99751;     -1.1503;     4.98379;    0.417958;    0.113365;    -4.79839;     noimage; 
   -1.21486;     4.99709;    -1.20188;     4.98303;    0.422664;    0.114091;    -4.79369;     noimage; 
   -1.26486;     4.99667;    -1.25211;     4.98234;     0.42605;    0.114928;    -4.72579;     noimage; 
   -1.31486;     4.99625;    -1.30113;      4.9819;      0.4299;    0.115797;     -4.6534;     noimage; 
   -1.36486;     4.99583;    -1.35214;     4.98128;    0.434428;    0.116712;    -4.56949;     noimage; 
   -1.41485;     4.99541;    -1.40289;     4.98054;    0.440031;    0.117882;    -4.42597;     noimage; 
   -1.46485;     4.99499;    -1.45037;     4.98003;    0.444481;    0.118937;    -4.38068;     noimage; 
   -1.51485;     4.99457;    -1.50312;     4.97929;    0.448227;    0.119993;    -4.36966;     noimage; 
   -1.56485;     4.99414;    -1.55369;     4.97851;    0.447921;    0.121075;    -4.38538;     noimage; 
   -1.61485;     4.99372;    -1.60337;     4.97779;    0.452517;    0.122306;    -4.30813;     noimage; 
   -1.66485;      4.9933;    -1.65329;     4.97687;     0.45702;    0.123571;    -4.20437;     noimage; 
   -1.71484;     4.99288;    -1.70304;     4.97592;    0.462021;    0.124723;    -4.17932;     noimage; 
   -1.76484;     4.99246;    -1.75446;      4.9751;    0.468807;    0.125919;    -4.09762;     noimage; 
   -1.81484;     4.99204;     -1.8006;     4.97452;    0.472753;    0.127201;    -3.98834;     noimage; 
   -1.86484;     4.99162;    -1.85291;      4.9738;    0.476081;    0.128455;    -3.95644;     noimage; 
   -1.91484;      4.9912;      -1.899;     4.97329;    0.481379;    0.129846;    -3.86383;     noimage; 
   -1.96483;     4.99078;    -1.94942;     4.97281;    0.486031;    0.131168;    -3.85107;     noimage; 
   -2.01483;     4.99036;    -2.00388;     4.97196;    0.492091;    0.132903;    -3.75329;     noimage; 
   -2.06483;     4.98994;    -2.05247;      4.9713;    0.494756;    0.134366;    -3.74575;     noimage; 
   -2.11483;     4.98952;    -2.09938;     4.97071;    0.498728;    0.135763;    -3.68341;     noimage; 
   -2.16483;      4.9891;    -2.14888;     4.96991;    0.502101;    0.137388;    -3.62179;    -2.16483; 
   -2.21483;     4.98868;     -2.2013;      4.9693;    0.503986;    0.138962;    -3.62662;     noimage; 
   -2.26482;     4.98826;    -2.25183;     4.96878;    0.506542;    0.140624;    -3.62652;     noimage; 
   -2.31482;     4.98784;    -2.30055;     4.96811;    0.508546;     0.14234;    -3.62167;     noimage; 
   -2.36482;     4.98742;    -2.35079;     4.96744;    0.513105;    0.143988;    -3.63006;     noimage; 
   -2.41482;       4.987;    -2.40134;     4.96674;    0.517972;    0.145806;    -3.61063;     noimage; 
   -2.46482;     4.98658;    -2.45162;     4.96604;    0.522742;    0.147739;    -3.53506;     noimage; 
   -2.51482;     4.98616;    -2.50206;     4.96524;    0.528571;    0.149735;    -3.45296;     noimage; 
   -2.56481;     4.98574;    -2.55386;     4.96465;    0.532659;    0.151727;    -3.41349;     noimage; 
   -2.61481;     4.98532;    -2.60146;     4.96408;    0.534656;     0.15358;    -3.39616;     noimage; 
   -2.66481;      4.9849;    -2.65155;     4.96324;    0.537675;     0.15565;    -3.37291;     noimage; 
   -2.71481;     4.98448;    -2.70231;     4.96242;    0.541075;    0.157739;    -3.37555;     noimage; 
   -2.76481;     4.98406;    -2.75078;     4.96176;    0.542261;    0.159807;    -3.37576;     noimage; 
    -2.8148;     4.98364;    -2.79952;     4.96118;    0.544607;     0.16195;    -3.35881;     noimage; 
    -2.8648;     4.98322;    -2.85151;     4.96047;    0.546622;    0.164349;     -3.3272;     noimage; 
    -2.9148;     4.98279;    -2.90186;     4.95976;    0.549337;    0.166662;    -3.31161;     noimage; 
    -2.9648;     4.98237;     -2.9517;     4.95914;    0.553639;    0.169007;    -3.24948;     noimage; 
    -3.0148;     4.98195;    -2.99862;     4.95857;    0.555149;    0.171119;    -3.24923;     noimage; 
    -3.0648;     4.98153;    -3.05165;     4.95765;    0.556908;    0.173683;    -3.25098;     noimage; 
   -3.11479;     4.98111;    -3.09952;     4.95667;    0.559556;    0.175828;     -3.3274;     noimage; 
   -3.16479;     4.98069;    -3.14843;     4.95586;    0.562716;    0.178068;    -3.34477;     noimage; 
   -3.21479;     4.98027;    -3.20173;     4.95488;    0.565627;    0.180903;    -3.25273;     noimage; 
   -3.26479;     4.97985;    -3.24935;     4.95417;    0.571668;    0.183276;    -3.20527;     noimage; 
   -3.31479;     4.97943;    -3.29788;     4.95362;    0.572584;    0.185708;    -3.22222;     noimage; 
   -3.36479;     4.97901;    -3.35111;     4.95296;    0.577175;    0.188434;    -3.22453;     noimage; 
   -3.41478;     4.97859;     -3.3958;     4.95239;    0.579869;    0.190894;    -3.13955;     noimage; 
   -3.46478;     4.97817;    -3.45121;     4.95135;       0.585;    0.193903;    -3.07321;     noimage; 
   -3.51478;     4.97775;    -3.50252;     4.95041;    0.588061;    0.196638;    -3.10078;     noimage; 
   -3.56475;     4.97608;    -3.54928;     4.94869;    0.591472;    0.199319;    -3.00877;     noimage; 
   -3.61458;     4.97191;    -3.59895;      4.9445;    0.594505;     0.20208;     -2.9703;     noimage; 
   -3.66413;     4.96526;    -3.65091;     4.93719;    0.597277;    0.205377;    -2.88458;     noimage; 
    -3.7133;     4.95615;    -3.69867;     4.92793;    0.601456;    0.208428;    -2.79134;     noimage; 
   -3.76194;     4.94458;    -3.74735;     4.91608;    0.605984;    0.212607;    -2.57925;     noimage; 
   -3.80995;      4.9306;    -3.79346;     4.90237;    0.607397;    0.216462;    -2.50238;     noimage; 
   -3.85719;     4.91424;    -3.84202;     4.88515;    0.609482;    0.220432;    -2.46169;     noimage; 
   -3.90356;     4.89553;    -3.88885;     4.86598;    0.612258;    0.225985;    -2.26274;     noimage; 
   -3.94894;     4.87453;    -3.93048;     4.84673;    0.613986;    0.230187;    -2.23148;     noimage; 
   -3.99321;     4.85129;    -3.97617;     4.82299;    0.614101;    0.237302;     -2.1529;     noimage; 
   -4.03626;     4.82587;    -4.02105;     4.79639;    0.618253;    0.243634;     -1.9291;     noimage; 
   -4.07799;     4.79833;    -4.06359;      4.7679;    0.620967;    0.249396;    -1.84259;     noimage; 
   -4.11829;     4.76873;    -4.10085;     4.74035;    0.622573;    0.255635;    -1.82334;     noimage; 
   -4.15706;     4.73716;    -4.14056;     4.70798;     0.62488;    0.262846;    -1.78334;     noimage; 
   -4.19421;     4.70369;    -4.17753;     4.67434;    0.627683;    0.270347;    -1.73748;     noimage; 
   -4.22964;      4.6684;     -4.2132;     4.63818;    0.629075;    0.279126;    -1.81952;     noimage; 
   -4.26325;     4.63139;    -4.24616;     4.60178;    0.632427;    0.286944;    -1.74247;     noimage; 
   -4.29498;     4.59275;    -4.27652;     4.56395;    0.636348;    0.293181;    -1.66768;    -4.29498; 
   -4.32473;     4.55257;    -4.30884;     4.52071;    0.639605;    0.300863;    -1.73724;     noimage; 
   -4.35244;     4.51095;    -4.33546;        4.48;    0.642316;    0.309297;    -1.82499;     noimage; 
   -4.37804;     4.46799;    -4.35977;     4.43843;    0.646156;     0.31377;    -1.87789;     noimage; 
   -4.40145;     4.42382;    -4.38288;     4.39409;    0.649498;    0.320956;    -2.02751;     noimage; 
   -4.42263;     4.37852;    -4.40311;     4.35048;    0.652071;    0.327751;    -2.33407;     noimage; 
   -4.44152;     4.33223;     -4.4221;     4.30348;    0.655045;    0.334595;    -2.68016;     noimage; 
   -4.45807;     4.28505;    -4.43902;     4.25367;     0.65951;    0.342073;    -2.78473;     noimage; 
   -4.47225;      4.2371;    -4.45307;     4.20367;    0.662932;    0.347992;    -3.23115;     noimage; 
     -4.484;      4.1885;    -4.46393;     4.15564;    0.666522;    0.355633;    -3.61122;     noimage; 
   -4.49454;     4.13962;    -4.47372;     4.10713;    0.670295;    0.359478;    -4.03422;     noimage; 
   -4.50508;     4.09075;    -4.48415;     4.05823;     0.67417;    0.364282;    -4.54474;     noimage; 
   -4.51562;     4.04187;    -4.49371;     4.01369;    0.677814;    0.369184;     -5.0014;     noimage; 
   -4.52616;     3.99299;    -4.50442;      3.9627;    0.683015;    0.375994;    -5.36363;     noimage; 
    -4.5367;     3.94412;    -4.51396;     3.91677;    0.687519;    0.379827;    -5.77036;     noimage; 
   -4.54724;     3.89524;    -4.52553;     3.86132;    0.693588;    0.387126;    -6.21293;     noimage; 
   -4.55778;     3.84636;    -4.53545;     3.81484;    0.697759;    0.393067;    -6.80753;     noimage; 
   -4.56832;     3.79749;    -4.54608;     3.76459;    0.702222;    0.401812;    -7.48558;     noimage; 
   -4.57764;     3.74836;    -4.55489;     3.71659;    0.707744;    0.407291;    -7.88695;     noimage; 
   -4.58448;     3.69883;    -4.56118;     3.66927;    0.713617;    0.411389;    -8.21155;     noimage; 
   -4.58885;     3.64902;    -4.56538;     3.61973;    0.718792;     0.41528;    -8.78713;     noimage; 
   -4.59072;     3.59906;     -4.5672;     3.56789;    0.724865;     0.42043;    -9.32496;     noimage; 
   -4.59134;     3.54906;    -4.56747;     3.51943;     0.73185;    0.424843;    -9.57171;     noimage; 
   -4.59196;     3.49907;    -4.56792;     3.46771;    0.740461;    0.430904;    -9.63004;     noimage; 
   -4.59258;     3.44907;    -4.56837;     3.41849;    0.747517;    0.435055;     -9.9446;     noimage; 
    -4.5932;     3.39908;    -4.56873;     3.36908;    0.755661;    0.438482;       -10.1;     noimage; 
   -4.59381;     3.34908;    -4.56934;     3.31892;    0.763685;    0.441725;     -10.339;     noimage; 
   -4.59443;     3.29908;    -4.56968;     3.27165;    0.771937;     0.44473;    -10.4662;     noimage; 
   -4.59505;     3.24909;    -4.57014;     3.21768;    0.781618;    0.450185;    -10.6007;     noimage; 
   -4.59567;     3.19909;    -4.57086;      3.1675;    0.790203;    0.452546;    -10.8359;     noimage; 
   -4.59629;     3.14909;    -4.57134;     3.12054;    0.799001;    0.455371;    -10.9489;     noimage; 
   -4.59691;      3.0991;    -4.57176;     3.06983;    0.810835;    0.458389;    -10.7128;     noimage; 
   -4.59753;      3.0491;    -4.57185;     3.01746;    0.822103;    0.461785;    -10.6722;     noimage; 
   -4.59815;     2.99911;    -4.57193;     2.97103;    0.832193;    0.464217;    -10.6313;     noimage; 
   -4.59877;     2.94911;      -4.572;     2.91903;    0.842677;    0.466156;    -10.7499;     noimage; 
   -4.59939;     2.89911;    -4.57182;     2.86749;    0.853676;    0.470748;    -10.8171;     noimage; 
   -4.60001;     2.84912;    -4.57199;      2.8184;    0.864468;    0.474656;    -10.8497;     noimage; 
   -4.60063;     2.79912;    -4.57243;     2.77074;    0.875746;    0.476751;    -10.7717;     noimage; 
   -4.60125;     2.74912;    -4.57263;     2.71852;    0.887491;    0.478758;    -10.8088;     noimage; 
   -4.60187;     2.69913;    -4.57296;     2.66937;    0.899547;    0.483955;    -10.7396;     noimage; 
   -4.60249;     2.64913;     -4.5735;     2.61797;    0.912307;    0.486818;    -10.6306;     noimage; 
   -4.60311;     2.59914;    -4.57386;     2.57284;    0.922882;    0.489543;    -10.6487;     noimage; 
   -4.60373;     2.54914;    -4.57426;     2.51747;    0.937555;    0.493844;    -10.4866;     noimage; 
   -4.60435;     2.49914;    -4.57462;     2.47088;    0.948934;    0.496435;    -10.5021;     noimage; 
   -4.60496;     2.44915;    -4.57513;     2.41902;    0.964037;    0.498001;    -10.1785;     noimage; 
   -4.60558;     2.39915;    -4.60701;     2.37514;    0.497942;    0.470005;     27.0394;    -4.60558; 
    -4.6062;     2.34916;     -4.6083;     2.32079;    0.495495;    0.474988;     29.2095;     noimage; 
   -4.60682;     2.29916;    -4.60893;     2.27381;    0.493728;    0.479145;     31.3826;     noimage; 
   -4.60744;     2.24916;    -4.60979;     2.22335;    0.493111;    0.483669;     33.6555;     noimage; 
   -4.60806;     2.19917;    -4.61084;     2.17262;    0.491603;    0.485315;     35.6346;     noimage; 
   -4.60868;     2.14917;     -4.6119;     2.12232;    0.491105;    0.487662;     37.9233;     noimage; 
    -4.6093;     2.09917;    -4.61259;     2.07466;    0.489946;    0.488592;     40.5803;     noimage; 
   -4.60992;     2.04918;    -4.61322;     2.02215;    0.490668;    0.490559;     43.7297;     noimage; 
   -4.61054;     1.99918;    -4.61384;     1.97048;    0.492637;    0.492336;     47.1357;     noimage; 
   -4.61116;     1.94919;    -4.61455;     1.92347;    0.494727;    0.493264;     49.7574;     noimage; 
   -4.61178;     1.89919;    -4.61537;     1.87825;    0.498035;    0.494033;      52.867;     noimage; 
    -4.6124;     1.84919;    -4.61619;     1.82419;    0.502149;    0.494594;     55.9019;     noimage; 
   -4.61302;      1.7992;    -4.61688;     1.77326;    0.509182;    0.495476;     59.7247;     noimage; 
   -4.61364;      1.7492;    -4.61752;     1.72813;    0.512276;    0.495621;     61.5695;     noimage; 
   -4.61426;     1.69921;    -4.61797;     1.67464;    0.518185;    0.495676;       64.38;     noimage; 
   -4.61488;     1.64921;    -4.61838;     1.62167;    0.523689;    0.494872;     66.5949;     noimage; 
    -4.6155;     1.59921;    -4.61894;     1.57208;    0.530714;    0.494857;     69.2187;     noimage; 
   -4.61611;     1.54922;    -4.61936;     1.52619;    0.533926;     0.49376;      70.296;     noimage; 
   -4.61673;     1.49922;    -4.61991;     1.47469;    0.541567;    0.493168;     72.4807;     noimage; 
   -4.61735;     1.44922;    -4.62075;     1.42366;    0.543859;    0.492011;     73.3515;     noimage; 
   -4.61797;     1.39923;    -4.62174;     1.37474;    0.547827;    0.490932;     74.3669;     noimage; 
   -4.61859;     1.34923;    -4.62279;     1.32514;    0.552631;    0.490196;     75.7552;     noimage; 
   -4.61921;     1.29924;    -4.62386;     1.27446;     0.56075;    0.489788;     77.8119;     noimage; 
   -4.61983;     1.24924;    -4.62463;     1.22094;    0.563994;    0.488765;     78.9007;     noimage; 
   -4.62045;     1.19924;    -4.62516;     1.17568;    0.566873;    0.487733;     79.5347;     noimage; 
   -4.62107;     1.14925;    -4.62612;     1.12143;    0.573188;    0.486459;     80.2645;     noimage; 
   -4.62169;     1.09925;    -4.62722;     1.07311;    0.576766;    0.485409;     80.9801;     noimage; 
   -4.62231;     1.04926;    -4.62837;     1.02192;    0.581507;    0.484334;     81.6132;     noimage; 
   -4.62293;    0.999259;    -4.62935;    0.969047;    0.584553;    0.483087;       82.03;     noimage; 
   -4.62355;    0.949263;    -4.63012;     0.92501;    0.585503;    0.482067;     82.3761;     noimage; 
   -4.62417;    0.899267;      -4.631;    0.873407;    0.589804;    0.481157;     83.3843;     noimage; 
   -4.62479;    0.849271;    -4.63207;    0.825154;    0.591712;    0.480237;     83.8427;     noimage; 
   -4.62541;    0.799275;    -4.63303;    0.774797;    0.593785;      0.4793;     84.5491;     noimage; 
   -4.62603;    0.749278;    -4.63361;    0.722363;    0.599235;    0.478114;     84.8711;     noimage; 
   -4.62664;    0.699282;    -4.63418;    0.672085;    0.602506;    0.477196;     85.3297;     noimage; 
   -4.62726;    0.649286;    -4.63489;    0.623368;    0.607594;    0.476297;     85.7435;     noimage; 
   -4.62788;     0.59929;    -4.63577;    0.568272;    0.607929;    0.475146;     85.7331;     noimage; 
    -4.6285;    0.549294;    -4.63632;    0.520386;    0.611288;    0.474346;     86.1473;     noimage; 
   -4.62912;    0.499298;    -4.63693;    0.473391;    0.615306;    0.473583;     86.5102;     noimage; 
   -4.62974;    0.449301;    -4.63779;    0.422769;    0.621296;     0.47267;     86.7499;     noimage; 
   -4.63036;    0.399305;    -4.63887;    0.370634;    0.625791;    0.471858;     87.0206;     noimage; 
   -4.63098;    0.349309;    -4.63977;    0.325572;    0.627228;    0.471211;     87.2205;     noimage; 
    -4.6316;    0.299313;    -4.64083;     0.27147;    0.631406;    0.470447;     87.5785;     noimage; 
   -4.63222;    0.249317;    -4.64171;    0.224572;    0.634437;    0.469789;     87.9493;     noimage; 
   -4.63284;    0.199321;    -4.64242;    0.173187;    0.637593;    0.469041;     88.1239;     noimage; 
   -4.63346;    0.149324;    -4.64256;    0.123127;    0.640927;    0.468453;     88.3382;    -4.63346; 
   -4.63408;   0.0993283;    -4.64401;    0.073938;    0.644553;    0.467935;     88.4208;     noimage; 
    -4.6347;   0.0493321;     -4.6447;   0.0260299;    0.646717;    0.467421;     88.6397;     noimage; 
   -4.63532; -0.000664064;    -4.64563;  -0.0279875;    0.650477;    0.466841;     88.7211;     noimage; 
   -4.63594;  -0.0506602;    -4.64634;    -0.07173;    0.651736;     0.46646;     88.9229;     noimage; 
   -4.63656;   -0.100656;    -4.64712;   -0.129656;    0.655443;    0.465881;     89.1734;     noimage; 
   -4.63718;   -0.150653;     -4.6476;   -0.175572;     0.65718;    0.465553;     89.4133;     noimage; 
   -4.63779;   -0.200649;     -4.6481;   -0.225226;    0.658502;    0.465191;     89.5641;     noimage; 
   -4.63841;   -0.250645;    -4.64883;    -0.27601;    0.661082;    0.464854;     89.8913;     noimage; 
   -4.63903;   -0.300641;    -4.64954;   -0.324476;    0.665247;    0.464531;      89.634;     noimage; 
   -4.63965;   -0.350637;     -4.6501;   -0.375985;    0.669534;    0.464167;     89.6185;     noimage; 
   -4.64027;   -0.400633;    -4.65069;   -0.427028;    0.671796;    0.463928;     89.6562;     noimage; 
   -4.64089;    -0.45063;    -4.65144;   -0.474517;    0.674212;    0.463785;      89.809;     noimage; 
   -4.64151;   -0.500626;    -4.65238;   -0.525535;    0.675887;    0.463563;     89.9766;     noimage; 
   -4.64213;   -0.550622;    -4.65313;   -0.573615;    0.678231;    0.463457;    -89.8605;     noimage; 
   -4.64275;   -0.600618;    -4.65395;   -0.626935;     0.67951;    0.463345;    -89.9357;     noimage; 
   -4.64337;   -0.650614;    -4.65478;   -0.676418;    0.682921;    0.463381;    -89.6145;     noimage; 
   -4.64399;    -0.70061;    -4.65561;   -0.731514;    0.685579;    0.463452;    -89.2928;     noimage; 
   -4.64461;   -0.750607;    -4.65638;   -0.773701;    0.687437;    0.463589;    -89.2395;     noimage; 
   -4.64523;   -0.800603;    -4.65721;   -0.824421;    0.690117;    0.463756;    -89.4154;     noimage; 
   -4.64585;   -0.850599;    -4.65794;   -0.877039;    0.692297;    0.463972;    -89.4032;     noimage; 
   -4.64647;   -0.900595;     -4.6587;   -0.928044;    0.696505;     0.46414;    -89.1394;     noimage; 
   -4.64709;   -0.950591;    -4.65926;   -0.977665;    0.697422;     0.46448;    -89.0505;     noimage; 
   -4.64771;    -1.00059;    -4.65973;    -1.02299;    0.700548;     0.46473;    -88.8558;     noimage; 
   -4.64833;    -1.05058;    -4.66053;    -1.07633;    0.702894;    0.465013;    -88.7134;     noimage; 
   -4.64894;    -1.10058;    -4.66147;    -1.13039;    0.708052;    0.465475;    -88.5024;     noimage; 
   -4.64956;    -1.15058;     -4.6623;    -1.17649;    0.709106;    0.465951;    -88.4807;     noimage; 
   -4.65018;    -1.20057;    -4.66303;    -1.22564;    0.710222;    0.466403;    -88.3366;     noimage; 
    -4.6508;    -1.25057;    -4.66373;    -1.27868;    0.710757;     0.46694;     -88.083;     noimage; 
   -4.65142;    -1.30056;    -4.66436;    -1.32677;     0.71064;    0.467347;    -87.8926;     noimage; 
   -4.65204;    -1.35056;    -4.66519;    -1.37774;    0.713333;     0.46805;    -87.8446;     noimage; 
   -4.65266;    -1.40056;    -4.66627;    -1.42975;    0.718427;    0.468806;    -87.8323;     noimage; 
   -4.65328;    -1.45055;    -4.66705;    -1.47771;    0.717995;     0.46956;    -87.6888;     noimage; 
    -4.6539;    -1.50055;    -4.66766;    -1.52566;    0.719102;    0.470327;    -87.6335;     noimage; 
   -4.65452;    -1.55055;    -4.66797;     -1.5757;    0.721371;    0.471014;    -87.5403;     noimage; 
   -4.65514;    -1.60054;    -4.66834;    -1.62524;    0.723546;    0.471854;    -87.4495;     noimage; 
   -4.65576;    -1.65054;    -4.66888;     -1.6778;    0.726223;    0.472815;     -87.336;     noimage; 
   -4.65638;    -1.70053;    -4.66954;    -1.72572;    0.727455;    0.473623;    -87.0547;     noimage; 
     -4.657;    -1.75053;    -4.67041;    -1.77576;     0.72805;     0.47458;     -87.018;     noimage; 
   -4.65762;    -1.80053;    -4.67115;    -1.82752;    0.730177;    0.475726;    -86.8706;     noimage; 
   -4.65824;    -1.85052;    -4.67171;    -1.87846;    0.730418;    0.476978;    -86.8839;     noimage; 
   -4.65886;    -1.90052;    -4.67227;    -1.92871;    0.733542;     0.47815;    -86.7508;     noimage; 
   -4.65947;    -1.95051;    -4.67286;    -1.97595;    0.737669;    0.479322;    -86.7302;     noimage; 
   -4.66009;    -2.00051;     -4.6735;    -2.03027;    0.742632;    0.480641;    -86.7026;     noimage; 
   -4.66071;    -2.05051;    -4.67415;    -2.07531;       0.745;    0.481879;    -86.5855;     noimage; 
   -4.66133;     -2.1005;    -4.67421;    -2.12577;     0.74744;    0.483264;    -86.5657;    -4.66133; 
   -4.66195;     -2.1505;    -4.67562;    -2.17581;    0.750378;    0.484616;     -86.459;     noimage; 
   -4.66257;     -2.2005;    -4.67635;    -2.22674;    0.751983;    0.485953;    -86.1727;     noimage; 
   -4.66319;    -2.25049;     -4.6768;    -2.27541;    0.751986;    0.487324;    -86.0914;     noimage; 
   -4.66381;    -2.30049;    -4.67687;    -2.32535;    0.754144;    0.488868;     -86.012;     noimage; 
   -4.66443;    -2.35048;    -4.67714;    -2.37847;    0.756244;    0.490561;    -85.9416;     noimage; 
   -4.66505;    -2.40048;    -4.67781;    -2.43024;    0.757402;    0.492225;    -85.8311;     noimage; 
   -4.66567;    -2.45048;    -4.67861;    -2.47688;    0.758939;    0.493682;    -85.6431;     noimage; 
   -4.66629;    -2.50047;    -4.67951;    -2.53065;    0.762877;    0.495408;    -85.6075;     noimage; 
   -4.66691;    -2.55047;    -4.68013;    -2.57954;    0.763632;    0.497092;      -85.48;     noimage; 
   -4.66753;    -2.60046;    -4.68088;    -2.62808;    0.763384;    0.498659;    -85.2463;     noimage; 
   -4.66815;    -2.65046;    -4.68152;    -2.67785;    0.766773;    0.500303;    -85.1144;     noimage; 
   -4.66877;    -2.70046;    -4.68215;    -2.72789;    0.769743;    0.502025;    -84.9562;     noimage; 
   -4.66939;    -2.75045;    -4.68277;    -2.77813;    0.768224;    0.504046;    -84.9485;     noimage; 
   -4.67001;    -2.80045;    -4.68325;    -2.82586;    0.769841;    0.506093;    -84.9923;     noimage; 
   -4.67062;    -2.85045;     -4.6838;     -2.8736;    0.771363;    0.508168;    -85.0107;     noimage; 
   -4.67124;    -2.90044;    -4.68447;    -2.92676;    0.775124;    0.510304;    -84.8513;     noimage; 
   -4.67186;    -2.95044;    -4.68543;    -2.98038;      0.7758;     0.51261;     -84.721;     noimage; 
   -4.67248;    -3.00043;    -4.68622;    -3.02975;    0.776506;    0.514698;    -84.5512;     noimage; 
    -4.6731;    -3.05043;    -4.68686;    -3.07728;    0.778111;    0.516917;    -84.5216;     noimage; 
   -4.67372;    -3.10043;    -4.68753;    -3.12735;    0.779915;    0.519239;    -84.4011;     noimage; 
   -4.67434;    -3.15042;    -4.68807;    -3.17707;    0.781846;    0.521439;    -84.2941;     noimage; 
   -4.67496;    -3.20042;    -4.68867;    -3.22602;    0.785111;    0.523695;    -84.2389;     noimage; 
   -4.67558;    -3.25041;    -4.68947;    -3.27982;    0.787725;    0.526026;    -83.9611;     noimage; 
    -4.6762;    -3.30041;    -4.69004;    -3.32672;    0.791382;    0.528257;    -83.8384;     noimage; 
   -4.67682;    -3.35041;    -4.69075;    -3.37621;    0.793667;    0.530903;    -83.8745;     noimage; 
   -4.67744;     -3.4004;    -4.69146;    -3.42312;    0.797143;    0.533279;    -83.8523;     noimage; 
   -4.67806;     -3.4504;    -4.69228;    -3.47381;     0.79963;    0.535971;    -83.7876;     noimage; 
   -4.67868;     -3.5004;    -4.69319;    -3.52763;    0.801528;    0.538783;    -83.7091;     noimage; 
    -4.6793;    -3.55039;    -4.69397;    -3.57627;    0.802844;    0.541365;    -83.5475;     noimage; 
   -4.67992;    -3.60039;    -4.69492;    -3.62625;     0.80347;    0.543928;    -83.2962;     noimage; 
   -4.68054;    -3.65038;    -4.69585;    -3.67661;    0.805487;    0.546943;    -83.3592;     noimage; 
   -4.68115;    -3.70038;    -4.69675;    -3.72726;    0.806606;    0.549602;    -83.1901;     noimage; 
   -4.68177;    -3.75038;    -4.69776;    -3.77621;    0.806559;    0.552237;    -83.0249;     noimage; 
   -4.68239;    -3.80037;    -4.69852;    -3.82745;    0.807577;    0.555047;    -82.7661;     noimage; 
   -4.68301;    -3.85037;    -4.69904;    -3.87546;    0.810129;    0.557862;    -82.6559;     noimage; 
   -4.68363;    -3.90036;    -4.69993;    -3.92853;    0.810091;    0.560672;    -82.3459;     noimage; 
   -4.68425;    -3.95036;    -4.70072;    -3.97351;     0.81121;    0.563343;    -82.1864;     noimage; 
   -4.68487;    -4.00036;    -4.70132;    -4.02753;      0.8138;    0.566426;    -81.9587;     noimage; 
   -4.68549;    -4.05035;    -4.70198;    -4.07683;    0.815289;    0.569257;    -81.8209;     noimage; 
   -4.68611;    -4.10035;    -4.70279;     -4.1247;    0.818024;    0.572396;    -81.8418;     noimage; 
   -4.68673;    -4.15035;     -4.7037;    -4.17634;    0.819941;    0.575378;    -81.6539;     noimage; 
   -4.68735;    -4.20034;    -4.70451;    -4.22561;    0.823192;    0.578684;    -81.6579;     noimage; 
   -4.68797;    -4.25034;    -4.70511;     -4.2779;    0.825666;    0.581765;    -81.4292;     noimage; 
   -4.68859;    -4.30033;    -4.70571;    -4.32606;    0.828643;    0.585138;    -81.3912;     noimage; 
   -4.68921;    -4.35033;    -4.70574;    -4.37479;    0.831547;    0.588332;    -81.2196;    -4.68921; 
   -4.68983;    -4.40033;    -4.70715;     -4.4257;    0.832632;    0.591424;    -80.9584;     noimage; 
    -4.6892;    -4.45032;    -4.70666;    -4.47438;    0.833406;    0.594465;    -80.7366;     noimage; 
   -4.68607;    -4.50022;     -4.7038;    -4.52444;    0.833238;    0.597626;    -80.5855;     noimage; 
   -4.68045;    -4.54991;    -4.69821;    -4.57578;     0.83335;    0.600974;    -80.4344;     noimage; 
   -4.67235;    -4.59925;    -4.69031;     -4.6252;    0.834205;    0.604292;    -80.1521;     noimage; 
    -4.6618;    -4.64812;     -4.6793;    -4.67698;    0.833685;    0.608075;    -79.8053;     noimage; 
   -4.64882;    -4.69641;    -4.66693;    -4.72249;    0.832807;    0.611566;    -79.4148;     noimage; 
   -4.63345;    -4.74398;    -4.65213;    -4.76798;    0.834084;    0.614978;    -79.1356;     noimage; 
   -4.61571;    -4.79073;    -4.63335;    -4.81793;    0.835855;    0.618947;     -79.021;     noimage; 
   -4.59566;    -4.83654;    -4.61415;    -4.86198;    0.836566;    0.622654;    -78.8275;     noimage; 
   -4.57335;    -4.88128;    -4.59247;    -4.90609;    0.836665;    0.626427;    -78.7128;     noimage; 
   -4.54882;    -4.92486;    -4.56711;    -4.95143;    0.835415;    0.631694;    -78.2657;     noimage; 
   -4.52215;    -4.96715;    -4.54059;    -4.99333;    0.836195;    0.635996;    -78.0805;     noimage; 
    -4.4934;    -5.00806;    -4.51394;    -5.03116;    0.835897;    0.640505;    -77.8804;     noimage; 
   -4.46264;    -5.04748;    -4.48252;    -5.07165;    0.835819;    0.645526;    -77.6878;     noimage; 
   -4.42995;    -5.08531;     -4.4498;    -5.11005;    0.836054;     0.65098;    -77.3076;     noimage; 
   -4.39541;    -5.12146;    -4.41408;    -5.14788;    0.837234;    0.656149;    -76.9566;     noimage; 
   -4.35911;    -5.15584;    -4.37762;    -5.18261;    0.838752;     0.66041;    -76.8766;     noimage; 
   -4.32113;    -5.18836;    -4.34245;    -5.21299;    0.840224;    0.664644;    -76.7085;     noimage; 
   -4.28158;    -5.21895;    -4.30067;     -5.2456;    0.841662;    0.669856;    -76.7046;     noimage; 
   -4.24054;    -5.24752;    -4.26026;    -5.27371;    0.844002;    0.673422;    -76.9169;     noimage; 
   -4.19813;      -5.274;    -4.21977;    -5.29911;    0.844883;    0.680329;    -76.8797;     noimage; 
   -4.15445;    -5.29833;    -4.17401;    -5.32473;    0.847631;    0.685611;    -77.3533;     noimage; 
   -4.10961;    -5.32044;    -4.13054;    -5.34612;    0.850222;    0.690279;    -77.5496;     noimage; 
   -4.06372;    -5.34029;    -4.08487;    -5.36582;    0.852687;     0.69637;    -77.4927;     noimage; 
   -4.01689;    -5.35782;    -4.03582;    -5.38426;    0.856113;    0.701259;    -77.8166;     noimage; 
   -3.96924;    -5.37299;    -3.99135;    -5.39858;    0.859258;    0.706741;    -78.1293;     noimage; 
    -3.9209;    -5.38575;    -3.93988;    -5.41237;     0.86315;    0.715102;     -78.631;     noimage; 
   -3.87198;    -5.39609;    -3.89606;    -5.42184;    0.866883;    0.720086;    -79.1424;     noimage; 
   -3.82261;    -5.40396;    -3.83897;    -5.43115;     0.87135;    0.726934;    -79.5418;     noimage; 
    -3.7729;    -5.40936;    -3.79337;    -5.43612;    0.876083;    0.730552;    -80.3905;     noimage; 
   -3.72298;    -5.41227;    -3.74482;    -5.43916;    0.881474;    0.734582;    -81.4688;     noimage; 
   -3.67298;    -5.41268;    -3.69411;    -5.43985;    0.886764;    0.740513;    -82.4387;     noimage; 
   -3.62303;    -5.41059;    -3.64419;    -5.43787;    0.892616;    0.742875;    -83.7959;     noimage; 
   -3.57324;      -5.406;    -3.59618;    -5.43361;    0.898023;    0.745475;    -84.9825;     noimage; 
   -3.52374;    -5.39894;    -3.54732;    -5.42679;    0.903558;    0.748312;    -86.1701;     noimage; 
   -3.47466;    -5.38941;     -3.4971;    -5.41696;    0.909804;    0.749514;    -87.7283;     noimage; 
   -3.42583;    -5.37865;    -3.45005;    -5.40671;      0.9152;    0.749684;    -88.8085;     noimage; 
     -3.377;    -5.36789;    -3.39994;    -5.39607;    0.920656;     0.74818;    -89.6406;     noimage; 
   -3.32817;    -5.35714;    -3.35128;     -5.3855;    0.926313;     0.75075;     89.6037;     noimage; 
   -3.27934;    -5.34638;    -3.30257;    -5.37501;    0.932238;    0.750461;     88.7056;     noimage; 
   -3.23051;    -5.33563;    -3.25199;    -5.36419;    0.938081;    0.751463;     88.3919;     noimage; 
   -3.18168;    -5.32487;    -3.20123;    -5.35322;    0.944521;    0.751974;     88.0254;     noimage; 
   -3.13285;    -5.31411;    -3.15596;    -5.34346;    0.950704;    0.752046;     87.5821;     noimage; 
   -3.08402;    -5.30336;     -3.0981;    -5.32015;     0.75995;    0.632034;     85.7391;    -3.08402; 
   -3.03519;     -5.2926;    -3.05142;    -5.30979;    0.764947;    0.633764;     85.3124;     noimage; 
   -2.98636;    -5.28185;    -3.00516;    -5.29964;    0.770014;    0.634856;     84.9504;     noimage; 
   -2.93753;    -5.27109;    -2.95141;    -5.28753;    0.776158;    0.638699;     84.4197;     noimage; 
    -2.8887;    -5.26033;    -2.90612;     -5.2773;    0.781627;    0.640282;     83.8178;     noimage; 
   -2.83962;     -5.2508;    -2.85671;    -5.26776;    0.787791;    0.640826;     83.2913;     noimage; 
   -2.79032;     -5.2425;     -2.8061;    -5.25961;    0.794778;    0.640939;     83.4803;     noimage; 
   -2.74101;     -5.2342;    -2.75514;     -5.2515;    0.801995;    0.643894;      83.519;     noimage; 
    -2.6917;     -5.2259;    -2.71027;    -5.24407;    0.808034;    0.646038;     83.0855;     noimage; 
    -2.6424;    -5.21759;    -2.66148;    -5.23567;    0.815101;    0.646685;     82.8679;     noimage; 
   -2.59309;    -5.20929;    -2.60841;    -5.22648;    0.822736;    0.651089;     82.5527;     noimage; 
   -2.54379;    -5.20099;    -2.55868;    -5.21829;    0.830535;    0.653575;     82.4685;     noimage; 
   -2.49448;    -5.19269;    -2.50963;     -5.2104;    0.838823;    0.653941;     82.5906;     noimage; 
   -2.44517;    -5.18438;    -2.45859;    -5.20194;    0.847435;    0.656759;     82.4764;     noimage; 
   -2.39587;    -5.17608;    -2.41348;    -5.19427;    0.854887;    0.657985;     82.3068;     noimage; 
   -2.34656;    -5.16778;    -2.36423;    -5.18593;    0.863683;    0.658624;     82.3447;     noimage; 
   -2.29726;    -5.15948;    -2.31263;    -5.17736;     0.87337;    0.661167;     82.6228;     noimage; 
   -2.24795;    -5.15118;    -2.26269;    -5.16905;      0.8827;    0.662529;     82.7003;     noimage; 
   -2.19864;    -5.14287;     -2.2169;    -5.16139;     0.89166;    0.664059;      82.908;     noimage; 
   -2.14934;    -5.13457;    -2.16517;    -5.15258;    0.902179;    0.666485;     83.2852;     noimage; 
   -2.10003;    -5.12627;    -2.11698;    -5.14447;    0.911747;    0.667464;     83.2327;     noimage; 
   -2.05073;    -5.11797;    -2.06721;    -5.13615;     0.92216;    0.667868;     83.5772;     noimage; 
   -2.00142;    -5.10967;    -2.01908;    -5.12807;    0.932246;    0.669693;     83.7266;     noimage; 
   -1.95211;    -5.10136;    -1.96779;    -5.11943;    0.942953;    0.672539;     83.8893;     noimage; 
   -1.90281;    -5.09306;    -1.91875;    -5.11086;    0.953492;    0.673513;     84.1778;     noimage; 
    -1.8535;    -5.08476;    -1.87097;    -5.10257;    0.964112;     0.67367;     84.4795;     noimage; 
    -1.8042;    -5.07646;    -1.81996;    -5.09385;    0.975434;    0.676371;     84.7233;     noimage; 
   -1.75489;    -5.06816;     -1.7702;     -5.0855;    0.986891;    0.679433;     85.0209;     noimage; 
   -1.70559;    -5.05985;    -1.72239;    -5.07747;    0.997621;    0.680815;      85.197;     noimage; 
   -1.65628;    -5.05155;    -1.67448;    -5.06942;     1.00841;    0.682528;     85.2518;     noimage; 
   -1.60697;    -5.04325;    -1.62304;    -5.06079;     1.02023;    0.684468;     85.3747;     noimage; 
   -1.55748;    -5.03618;    -1.57574;    -5.05379;     1.03126;    0.685969;     85.5048;     noimage; 
   -1.50769;     -5.0316;    -1.52444;    -5.04895;     1.04323;    0.688818;     85.5818;     noimage; 
   -1.45773;    -5.02951;    -1.47953;    -5.04695;     1.05374;    0.691256;      85.694;     noimage; 
   -1.40774;    -5.02867;    -1.42699;    -5.04596;     1.06615;    0.695527;     85.7312;     noimage; 
   -1.35774;    -5.02783;    -1.37324;    -5.04519;      1.0789;    0.697955;     85.6947;     noimage; 
   -1.30775;    -5.02699;    -1.32768;    -5.04461;     1.08988;    0.698898;      85.783;     noimage; 
   -1.25776;    -5.02614;    -1.27531;    -5.04397;     1.10301;    0.702913;     86.0382;     noimage; 
   -1.20776;     -5.0253;    -1.22572;     -5.0434;     1.11487;    0.706033;     86.0065;     noimage; 
   -1.15777;    -5.02446;    -1.17612;    -5.04287;     1.12691;    0.707327;     85.9846;     noimage; 
   -1.10778;    -5.02362;    -1.12776;    -5.04222;     1.13874;     0.70962;     86.0197;     noimage; 
   -1.05779;    -5.02278;    -1.07713;    -5.04158;     1.15162;    0.711589;     86.0904;     noimage; 
   -1.00779;    -5.02194;    -1.02529;    -5.04068;      1.1648;    0.715296;     86.0883;     noimage; 
    -0.9578;     -5.0211;   -0.975989;    -5.03978;     1.17793;    0.714264;     86.2903;     noimage; 
  -0.907807;    -5.02026;   -0.924125;    -5.03916;      1.1913;    0.718062;     86.3598;     noimage; 
  -0.857814;    -5.01942;   -0.862665;     -5.0236;    0.310489;    0.242355;     74.2318;   -0.857814; 
  -0.807821;    -5.01858;   -0.813248;    -5.02298;    0.312567;    0.246885;     73.6033;     noimage; 
  -0.757829;    -5.01774;   -0.764534;    -5.02232;    0.315348;    0.253556;     73.1617;     noimage; 
  -0.707836;     -5.0169;   -0.713052;    -5.02151;    0.319332;    0.259659;     73.2201;     noimage; 
  -0.657843;    -5.01606;   -0.662125;    -5.02055;    0.321547;    0.266912;     72.3013;     noimage; 
   -0.60785;    -5.01522;   -0.615444;     -5.0196;    0.324713;     0.27172;      72.235;     noimage; 
  -0.557857;    -5.01438;   -0.563804;    -5.01912;    0.327542;    0.279853;     71.3458;     noimage; 
  -0.507864;    -5.01353;   -0.516575;     -5.0186;    0.330302;    0.284296;     70.9486;     noimage; 
  -0.457871;    -5.01269;   -0.463845;    -5.01778;     0.33474;    0.288325;     71.4459;     noimage; 
  -0.407878;    -5.01185;   -0.413452;    -5.01715;    0.336953;    0.293303;     70.6417;     noimage; 
  -0.357885;    -5.01101;   -0.364576;    -5.01639;     0.34007;    0.297602;     70.4178;     noimage; 
  -0.307892;    -5.01017;   -0.310992;    -5.01538;    0.343372;    0.306167;     69.4192;     noimage; 
  -0.257899;    -5.00933;   -0.262776;    -5.01449;    0.345018;    0.308843;     68.5283;     noimage; 
  -0.207906;    -5.00849;   -0.213799;    -5.01393;    0.349083;    0.315972;     68.1641;     noimage; 
  -0.157913;    -5.00765;   -0.163681;    -5.01372;    0.351343;    0.321491;      67.056;     noimage; 
   -0.10792;    -5.00681;   -0.114163;    -5.01368;    0.354943;     0.32482;     67.1739;     noimage; 
 -0.0579275;    -5.00597;  -0.0620725;    -5.01355;    0.358775;     0.33069;     66.7696;     noimage; 
-0.00793456;    -5.00513;   -0.012019;    -5.01307;    0.361668;    0.334297;     66.2879;     noimage; 
  0.0420584;    -5.00429;   0.0365014;    -5.01238;    0.364505;    0.339992;     65.2752;     noimage; 
  0.0920513;    -5.00345;   0.0860666;    -5.01178;    0.365966;    0.344503;     63.7175;     noimage; 
   0.142044;    -5.00261;    0.136607;    -5.01139;    0.369351;    0.348872;     63.3185;     noimage; 
   0.192037;    -5.00176;    0.185961;    -5.01079;    0.373308;    0.352576;     63.4864;     noimage; 
    0.24203;    -5.00092;    0.237567;    -5.01009;    0.376879;    0.357464;     62.9668;     noimage; 
   0.292023;    -5.00008;    0.287212;    -5.00962;    0.379047;    0.360203;        62.3;     noimage; 
   0.342016;    -4.99924;    0.333607;    -5.00904;    0.383146;    0.365576;      62.039;     noimage; 
   0.392009;     -4.9984;    0.384962;    -5.00828;     0.38622;    0.370334;     61.1203;     noimage; 
   0.442002;    -4.99756;    0.437015;    -5.00766;    0.390143;    0.375352;     60.6345;     noimage; 
   0.491995;    -4.99672;    0.485216;    -5.00721;    0.393155;    0.379359;     60.0049;     noimage; 
   0.541988;    -4.99588;    0.537229;    -5.00683;     0.39658;    0.382852;     59.8746;     noimage; 
   0.591981;    -4.99504;    0.586752;    -5.00619;    0.399897;    0.387127;     59.3073;     noimage; 
   0.641974;     -4.9942;    0.635177;    -5.00537;    0.402364;    0.392405;     57.5579;     noimage; 
   0.691966;    -4.99336;    0.685942;    -5.00466;    0.408335;    0.398068;     58.2459;     noimage; 
   0.741959;    -4.99252;    0.739137;    -5.00377;    0.411654;    0.404655;     55.8561;     noimage; 
   0.791952;    -4.99168;    0.786293;    -5.00312;    0.416161;    0.409358;      55.854;     noimage; 
   0.841945;    -4.99084;    0.838678;    -5.00268;    0.419366;    0.413823;     54.6691;     noimage; 
   0.891938;    -4.98999;    0.886571;    -5.00218;     0.42362;    0.417671;     55.1169;     noimage; 
   0.941931;    -4.98915;    0.935413;    -5.00159;    0.426922;    0.421944;      54.191;     noimage; 
   0.991924;    -4.98831;    0.984897;     -5.0011;    0.430469;    0.424532;     54.9478;     noimage; 
    1.04192;    -4.98747;     1.03419;    -5.00088;     0.43522;    0.427755;     56.2658;     noimage; 
    1.09191;    -4.98663;     1.08657;    -5.00058;    0.440219;    0.432921;     56.3136;     noimage; 
     1.1419;    -4.98579;      1.1386;    -4.99995;    0.444726;    0.437409;     56.3682;     noimage; 
     1.1919;    -4.98495;      1.1861;    -4.99929;    0.447623;    0.441252;     55.4272;     noimage; 
    1.24189;    -4.98411;     1.23546;    -4.99864;    0.452292;    0.445967;     55.4864;     noimage; 
    1.29188;    -4.98327;     1.28727;    -4.99794;    0.455324;    0.449335;     55.0053;     noimage; 
    1.34187;    -4.98243;     1.33565;    -4.99754;    0.458704;    0.453244;     54.4651;     noimage; 
    1.39187;    -4.98159;     1.39331;    -4.98891;    0.205727;    0.070178;    -5.10772;     1.39187; 
    1.44186;    -4.98075;     1.44938;    -4.98793;    0.216763;    0.069957;    -4.46584;     noimage; 
    1.49185;    -4.97991;     1.49849;    -4.98719;    0.225963;   0.0696874;    -4.06594;     noimage; 
    1.54185;    -4.97907;     1.54662;    -4.98652;    0.233389;   0.0694834;    -3.67859;     noimage; 
    1.59184;    -4.97823;     1.59526;    -4.98593;     0.24023;   0.0693172;    -3.28833;     noimage; 
    1.64183;    -4.97738;     1.64074;     -4.9854;    0.246882;   0.0688989;     -3.2091;     noimage; 
    1.69183;    -4.97654;     1.69424;    -4.98471;    0.253926;   0.0684099;    -3.14108;     noimage; 
    1.74182;     -4.9757;      1.7486;    -4.98395;    0.261761;   0.0682071;     -2.8045;     noimage; 
    1.79181;    -4.97486;      1.7964;    -4.98313;    0.267891;   0.0679846;    -2.60636;     noimage; 
     1.8418;    -4.97402;     1.84549;    -4.98231;    0.273194;   0.0675875;    -2.59916;     noimage; 
     1.8918;    -4.97318;     1.89471;     -4.9815;    0.278682;   0.0673233;    -2.44291;     noimage; 
    1.94179;    -4.97234;     1.94448;    -4.98061;    0.285498;   0.0670799;    -2.29075;     noimage; 
    1.99178;     -4.9715;     1.99254;    -4.97985;    0.289054;   0.0669134;    -2.12136;     noimage; 
    2.04178;    -4.97066;     2.04536;    -4.97911;    0.296938;   0.0666627;    -1.99616;     noimage; 
    2.09177;    -4.96982;     2.09569;    -4.97841;    0.302557;   0.0664489;     -1.8628;     noimage; 
    2.14176;    -4.96898;     2.14546;    -4.97776;    0.307558;   0.0661195;    -1.91963;     noimage; 
    2.19175;    -4.96814;     2.19429;    -4.97713;    0.312478;   0.0659543;    -1.81863;     noimage; 
    2.24175;     -4.9673;     2.24522;    -4.97627;    0.319499;   0.0657393;    -1.78255;     noimage; 
    2.29174;    -4.96646;     2.28999;    -4.97557;    0.321589;   0.0656376;    -1.73556;     noimage; 
    2.34173;    -4.96561;     2.34268;    -4.97458;    0.326581;   0.0654612;    -1.72065;     noimage; 
    2.39173;    -4.96477;     2.39315;    -4.97362;    0.333129;   0.0653337;    -1.69116;     noimage; 
    2.44172;    -4.96393;     2.44618;    -4.97269;    0.338797;   0.0653842;    -1.54189;     noimage; 
    2.49171;    -4.96309;     2.49355;      -4.972;    0.343899;   0.0653551;     -1.5309;     noimage; 
     2.5417;    -4.96225;     2.54544;     -4.9715;    0.349993;    0.065489;    -1.46111;     noimage; 
     2.5917;    -4.96141;     2.59206;     -4.9712;    0.354041;   0.0655805;    -1.46343;     noimage; 
    2.64169;    -4.96057;     2.64142;    -4.97093;    0.358402;     0.06585;    -1.36035;     noimage; 
    2.69168;    -4.95973;     2.69446;    -4.97003;    0.364587;   0.0660214;    -1.39597;     noimage; 
    2.74168;    -4.95889;     2.74243;    -4.96899;    0.369201;   0.0663507;    -1.38935;     noimage; 
    2.79167;    -4.95805;     2.79387;     -4.9683;    0.373201;   0.0667368;    -1.41736;     noimage; 
    2.84166;    -4.95721;     2.84319;    -4.96751;    0.376751;   0.0672671;    -1.37967;     noimage; 
    2.89166;    -4.95637;     2.89299;    -4.96661;    0.380245;   0.0677992;    -1.40967;     noimage; 
    2.94165;    -4.95553;      2.9446;     -4.9659;    0.385927;   0.0685089;    -1.39359;     noimage; 
    2.99164;    -4.95469;     2.99304;    -4.96509;    0.389775;   0.0693189;    -1.36106;     noimage; 
    3.04163;    -4.95385;     3.04851;    -4.96421;    0.393981;   0.0702995;    -1.35908;     noimage; 
    3.09163;      -4.953;     3.09315;    -4.96338;     0.39805;     0.07119;    -1.34162;     noimage; 
    3.14162;    -4.95216;     3.14116;    -4.96235;    0.402827;   0.0722795;    -1.30152;     noimage; 
    3.19161;    -4.95132;     3.19308;    -4.96149;    0.408875;   0.0735013;    -1.28239;     noimage; 
    3.24161;    -4.95048;     3.23974;    -4.96083;     0.41216;   0.0746741;    -1.26346;     noimage; 
     3.2916;    -4.94964;     3.29246;     -4.9599;    0.417363;   0.0761297;    -1.23547;     noimage; 
    3.34156;    -4.94755;     3.34188;    -4.95794;    0.422614;   0.0776295;    -1.19185;     noimage; 
    3.39134;    -4.94297;      3.3943;    -4.95323;    0.426374;   0.0799425;    -1.02218;     noimage; 
    3.44084;     -4.9359;     3.44157;    -4.94652;    0.429604;   0.0826647;    -0.85236;     noimage; 
    3.48993;    -4.92637;     3.48916;     -4.9376;    0.435434;   0.0857095;   -0.622803;     noimage; 
    3.53847;    -4.91439;     3.53535;    -4.92682;    0.438539;   0.0892547;   -0.451349;     noimage; 
    3.58636;    -4.90001;     3.58815;    -4.91147;    0.440605;   0.0944965;   -0.243491;     noimage; 
    3.63346;    -4.88325;     3.63364;    -4.89583;    0.443118;   0.0997452;  -0.0267946;     3.63346; 
    3.67968;    -4.86416;     3.68158;    -4.87605;    0.447537;    0.106699;    0.347879;     noimage; 
    3.72487;    -4.84278;     3.72675;    -4.85474;    0.449615;     0.11455;    0.594758;     noimage; 
    3.76895;    -4.81917;     3.77062;    -4.83138;    0.453617;    0.122611;    0.951987;     noimage; 
    3.81179;    -4.79338;     3.81486;    -4.80486;    0.459025;     0.13089;     1.39299;     noimage; 
    3.85328;    -4.76549;     3.85521;    -4.77759;    0.459787;    0.138655;     1.38238;     noimage; 
    3.89333;    -4.73556;     3.89277;    -4.74967;    0.462319;    0.146174;     1.50295;     noimage; 
    3.93184;    -4.70366;     3.93236;     -4.7175;    0.464262;    0.154915;     1.52378;     noimage; 
     3.9687;    -4.66988;     3.96833;    -4.68497;    0.465173;    0.163774;     1.39324;     noimage; 
    4.00383;     -4.6343;     4.00611;    -4.64684;    0.468348;     0.17283;     1.43568;     noimage; 
    4.03713;      -4.597;      4.0406;    -4.60799;    0.472309;    0.183041;     1.64393;     noimage; 
    4.06853;    -4.55809;     4.07056;    -4.57097;     0.47458;     0.19283;     1.53515;     noimage; 
    4.09795;    -4.51766;     4.09967;    -4.53128;    0.477833;    0.202408;     1.52539;     noimage; 
    4.12531;    -4.47581;     4.12728;    -4.48935;    0.481285;    0.213133;     1.49208;     noimage; 
    4.15054;    -4.43265;     4.15116;    -4.44897;    0.484475;    0.221883;     1.26419;     noimage; 
    4.17359;    -4.38827;      4.1758;    -4.40175;    0.489373;    0.231159;     1.26186;     noimage; 
    4.19438;     -4.3428;     4.19571;    -4.35872;    0.492803;    0.241286;    0.920549;     noimage; 
    4.21288;    -4.29635;     4.21546;    -4.30955;    0.497497;    0.252358;     0.72051;     noimage; 
    4.22903;    -4.24903;     4.23062;    -4.26537;    0.501096;    0.259755;  -0.0717603;     noimage; 
     4.2428;    -4.20096;     4.24539;    -4.21475;    0.506217;    0.269554;   -0.503846;     noimage; 
    4.25415;    -4.15227;     4.25708;    -4.16633;    0.510664;    0.276374;    -1.31636;     noimage; 
    4.26305;    -4.10307;     4.26621;    -4.11881;    0.516212;    0.284281;    -1.61784;     noimage; 
    4.26949;    -4.05348;     4.27298;    -4.06842;    0.522188;     0.29132;    -2.11488;     noimage; 
    4.27343;    -4.00364;     4.27689;    -4.01737;    0.528298;    0.299283;    -2.81274;     noimage; 
    4.27488;    -3.95366;     4.27843;    -3.96685;     0.53511;    0.303587;    -3.21193;     noimage; 
    4.27383;    -3.90367;     4.27774;    -3.92024;     0.54147;    0.307617;    -3.80651;     noimage; 
    4.27028;     -3.8538;      4.2743;    -3.86776;    0.549435;    0.312163;    -4.05666;     noimage; 
    4.26424;    -3.80416;     4.26925;    -3.82211;      0.5567;    0.314793;    -4.24888;     noimage; 
    4.25574;    -3.75489;     4.26104;    -3.77087;    0.565524;    0.319161;     -4.5154;     noimage; 
      4.246;    -3.70585;     4.25104;     -3.7177;    0.575411;    0.324442;    -4.89908;     noimage; 
    4.23626;    -3.65681;      4.2421;    -3.67042;    0.584754;    0.326447;    -5.00033;     noimage; 
    4.22652;    -3.60777;     4.23326;    -3.62393;    0.593996;    0.330491;    -5.19766;     noimage; 
    4.21678;    -3.55872;      4.2234;    -3.57264;    0.605038;    0.335694;    -5.17551;     noimage; 
    4.20704;    -3.50968;     4.21437;     -3.5273;    0.614992;    0.338882;    -5.23679;     noimage; 
    4.19731;    -3.46064;     4.20498;    -3.47884;    0.626089;    0.342734;    -5.22015;     noimage; 
    4.18757;     -3.4116;     4.19557;    -3.42794;    0.638117;    0.344784;     -5.2432;     noimage; 
    4.17783;    -3.36255;     4.18552;    -3.37483;     0.65126;    0.346929;    -4.97768;     noimage; 
    4.16809;    -3.31351;     4.17684;    -3.33022;    0.662428;    0.352766;    -4.72596;     noimage; 
    4.15835;    -3.26447;      4.1672;    -3.27999;    0.675476;    0.357579;     -4.5123;     noimage; 
    4.14861;    -3.21543;     4.15778;    -3.23119;    0.688285;    0.362743;    -4.42127;     noimage; 
     4.1401;    -3.16616;     4.14952;    -3.18194;    0.701429;    0.368421;    -4.56049;     noimage; 
    4.13407;    -3.11652;     4.14375;    -3.13016;    0.715448;    0.372708;    -4.43671;     noimage; 
    4.13052;    -3.06665;     4.14085;    -3.07934;    0.729475;    0.377033;    -4.30377;     noimage; 
    4.12822;     -3.0167;     4.13894;    -3.03201;    0.742645;    0.380778;    -4.26113;     noimage; 
    4.12592;    -2.96675;     4.13673;      -2.983;    0.756531;     0.38352;    -4.10651;     noimage; 
    4.12362;    -2.91681;     4.11918;    -2.93364;    0.329647;    0.266528;     25.9268;     4.12362; 
    4.12132;    -2.86686;     4.11571;    -2.87851;     0.33286;    0.275271;      26.556;     noimage; 
    4.11902;    -2.81691;     4.11333;    -2.83442;     0.33747;    0.279925;     26.3148;     noimage; 
    4.11672;    -2.76696;     4.11067;    -2.78135;    0.343647;    0.286147;       25.94;     noimage; 
    4.11442;    -2.71702;     4.10833;    -2.73614;    0.349279;    0.292089;     25.5936;     noimage; 
    4.11212;    -2.66707;     4.10543;    -2.68079;    0.354587;    0.300189;     25.7309;     noimage; 
    4.10982;    -2.61712;     4.10274;    -2.63152;    0.359132;    0.307702;     25.9329;     noimage; 
    4.10752;    -2.56718;     4.10006;    -2.58181;    0.362828;    0.314069;     26.2853;     noimage; 
    4.10522;    -2.51723;     4.09749;    -2.52971;    0.368719;    0.320084;     25.9963;     noimage; 
    4.10292;    -2.46728;     4.09507;    -2.48397;    0.371572;    0.325559;     26.4721;     noimage; 
    4.10062;    -2.41733;     4.09253;    -2.43332;    0.376064;     0.33315;     26.8703;     noimage; 
    4.09832;    -2.36739;     4.09027;    -2.38111;    0.380891;    0.338763;     26.8843;     noimage; 
    4.09602;    -2.31744;     4.08791;    -2.33254;    0.385467;     0.34548;     27.1317;     noimage; 
    4.09372;    -2.26749;     4.08539;    -2.28305;    0.390048;    0.351686;     27.3422;     noimage; 
    4.09142;    -2.21755;     4.08325;    -2.23447;    0.395686;    0.356232;      26.944;     noimage; 
    4.08912;     -2.1676;     4.08094;    -2.18539;    0.403171;    0.363764;     26.4143;     noimage; 
    4.08682;    -2.11765;     4.07835;    -2.13628;    0.408865;    0.368992;     26.0883;     noimage; 
    4.08452;    -2.06771;     4.07537;      -2.082;    0.416438;    0.374983;     25.3106;     noimage; 
    4.08222;    -2.01776;     4.07276;    -2.03253;    0.421556;    0.379989;     25.1424;     noimage; 
    4.07992;    -1.96781;     4.07051;    -1.98618;    0.427922;    0.387498;     24.9774;     noimage; 
    4.07762;    -1.91786;     4.06764;    -1.93177;    0.434618;    0.394364;     24.6709;     noimage; 
    4.07532;    -1.86792;     4.06514;    -1.88174;    0.441191;    0.401234;     24.3573;     noimage; 
    4.07302;    -1.81797;     4.06277;    -1.83191;    0.449478;    0.406085;      22.974;     noimage; 
    4.07072;    -1.76802;     4.06005;    -1.78179;    0.456823;    0.412273;     22.1999;     noimage; 
    4.06842;    -1.71808;      4.0574;    -1.73395;    0.461593;    0.416085;     22.0676;     noimage; 
    4.06612;    -1.66813;     4.05494;    -1.68474;    0.466879;    0.422863;      22.169;     noimage; 
    4.06507;    -1.61814;     4.05336;     -1.6376;    0.472063;    0.427044;     21.9282;     noimage; 
    4.06652;    -1.56816;     4.05431;    -1.58188;    0.479324;    0.433518;     21.3821;     noimage; 
    4.06921;    -1.51823;     4.05676;    -1.53414;    0.486566;    0.436123;     20.0583;     noimage; 
    4.07191;    -1.46831;     4.05891;    -1.48621;    0.494152;     0.44099;     18.8981;     noimage; 
    4.07461;    -1.41838;     4.06123;    -1.43749;    0.502185;    0.446436;     17.5749;     noimage; 
    4.07731;    -1.36845;     4.06394;    -1.38396;    0.510382;    0.452177;     16.3505;     noimage; 
       4.08;    -1.31853;     4.06631;     -1.3353;    0.517476;    0.455573;     15.2378;     noimage; 
     4.0827;     -1.2686;     4.06886;    -1.28443;    0.524125;    0.459719;     14.6899;     noimage; 
     4.0854;    -1.21867;     4.07175;    -1.23189;    0.530703;    0.465923;     14.4201;     noimage; 
     4.0881;    -1.16874;     4.07446;    -1.18507;    0.537273;     0.47052;     13.8131;     noimage; 
     4.0908;    -1.11882;     4.07706;    -1.13552;    0.543356;    0.474083;     13.4645;     noimage; 
    4.09349;    -1.06889;     4.07946;    -1.08767;    0.549838;    0.478018;     13.0298;     noimage; 
    4.09619;    -1.01896;     4.08195;     -1.0374;    0.556975;    0.483193;     12.3834;     noimage; 
    4.09889;   -0.969035;     4.08432;   -0.985827;    0.564286;    0.488723;     11.6821;     noimage; 
    4.10159;   -0.919108;     4.08682;   -0.935423;    0.572132;    0.490644;     10.4489;     noimage; 
    4.10428;   -0.869181;      4.0892;   -0.888369;    0.578908;     0.49286;     9.58809;     noimage; 
    4.10698;   -0.819253;     4.09165;   -0.836991;    0.586316;    0.496692;     8.80038;     noimage; 
    4.10968;   -0.769326;     4.09413;    -0.78695;    0.593946;    0.500209;     7.79217;     noimage; 
    4.11238;   -0.719399;      4.0967;    -0.73511;    0.601726;    0.503864;     6.86797;     noimage; 
    4.11508;   -0.669472;     4.10377;    -0.67462;    0.181869;    0.174072;     51.7011;     4.11508; 
    4.11777;   -0.619545;     4.10579;   -0.624596;     0.19008;    0.176449;     53.8553;     noimage; 
    4.12047;   -0.569618;     4.10852;    -0.57268;    0.200191;     0.17992;     55.9786;     noimage; 
    4.12317;    -0.51969;     4.11096;   -0.525713;    0.207822;    0.181705;     57.5274;     noimage; 
    4.12587;   -0.469763;     4.11427;   -0.470384;    0.218047;    0.183494;     59.3977;     noimage; 
    4.12856;   -0.419836;     4.11729;   -0.421837;    0.227292;     0.18551;     60.9479;     noimage; 
    4.13126;   -0.369909;     4.11999;   -0.372981;    0.235707;    0.186921;     62.2907;     noimage; 
    4.13396;   -0.319982;     4.12277;    -0.32166;    0.247712;    0.189055;     64.0724;     noimage; 
    4.13666;   -0.270055;     4.12556;   -0.268914;    0.254942;    0.189574;     65.0546;     noimage; 
    4.13936;   -0.220127;       4.128;    -0.22475;    0.260589;    0.190049;     65.7911;     noimage; 
    4.14205;     -0.1702;     4.13069;   -0.177995;     0.26684;    0.190647;     66.5954;     noimage; 
    4.14475;   -0.120273;     4.13373;   -0.127373;    0.271652;    0.191103;      67.234;     noimage; 
    4.14745;  -0.0703459;     4.13722;  -0.0736663;    0.280659;    0.191612;     68.2003;     noimage; 
    4.15015;  -0.0204187;     4.14003;  -0.0230113;    0.288757;    0.192527;     69.1661;     noimage; 
    4.15284;   0.0295084;      4.1425;   0.0253335;    0.295877;    0.193137;     69.8925;     noimage; 
    4.15554;   0.0794356;     4.14565;    0.082046;    0.306347;    0.194485;     71.0503;     noimage; 
    4.15824;    0.129363;     4.14799;    0.124923;    0.311751;    0.194714;      71.512;     noimage; 
    4.16094;     0.17929;     4.15077;    0.179153;    0.318921;    0.195853;     72.3504;     noimage; 
    4.16364;    0.229217;     4.15303;     0.22411;    0.322923;    0.195806;     72.6072;     noimage; 
    4.16633;    0.279144;     4.15578;    0.276006;    0.330059;    0.196323;     73.1996;     noimage; 
    4.16903;    0.329071;      4.1583;     0.32507;    0.337936;    0.197183;     73.9022;     noimage; 
    4.17173;    0.378999;     4.16085;    0.375863;    0.343201;    0.197581;     74.2779;     noimage; 
    4.17443;    0.428926;     4.16342;    0.425137;    0.347453;    0.198246;     74.6791;     noimage; 
    4.17712;    0.478853;      4.1662;    0.475495;    0.354172;    0.199111;     75.2026;     noimage; 
    4.17982;     0.52878;     4.16879;     0.52759;    0.359009;    0.199303;     75.4492;     noimage; 
    4.18252;    0.578707;     4.17106;    0.576433;    0.363907;    0.199904;     75.8482;     noimage; 
    4.18522;    0.628634;     4.17344;    0.622766;    0.366814;    0.200352;      76.087;     noimage; 
    4.18792;    0.678562;     4.17625;    0.674765;    0.373295;    0.200459;      76.329;     noimage; 
    4.19061;    0.728489;     4.17903;    0.724874;    0.380356;    0.200951;     76.6772;     noimage; 
    4.19331;    0.778416;     4.18186;    0.774654;    0.382665;    0.201589;     76.9676;     noimage; 
    4.19601;    0.828343;     4.18472;    0.824132;    0.386816;    0.202074;     77.1451;     noimage; 
    4.19871;     0.87827;     4.18756;    0.874705;    0.393624;    0.203074;     77.5777;     noimage; 
     4.2014;    0.928197;     4.19032;    0.924809;    0.397638;    0.203552;     77.7585;     noimage; 
     4.2041;    0.978125;      4.1932;     0.97544;     0.40208;    0.204411;     78.0406;     noimage; 
     4.2068;     1.02805;     4.19612;      1.0254;    0.407787;    0.205048;     78.2195;     noimage; 
     4.2095;     1.07798;     4.19871;     1.07452;     0.41169;    0.205864;     78.4588;     noimage; 
     4.2122;     1.12791;     4.20134;      1.1231;    0.415839;    0.206536;     78.6461;     noimage; 
    4.21489;     1.17783;     4.20457;     1.17748;    0.420581;    0.206973;     78.7066;     noimage; 
    4.21759;     1.22776;     4.20713;     1.22404;    0.424898;    0.208047;      78.982;     noimage; 
    4.21759;     1.22776;     4.20713;     1.22404;    0.424898;    0.208047;      78.982;     noimage; 
