   trueRobX;    trueRobY;  trueRobPsi;       meanX;       meanY;        varX;        varY;     Observe; 
          0;           0;         inf;         inf;         inf;         inf;         inf;     noimage; 
          0;           0;         inf;         inf;         inf;         inf;         inf;     noimage; 
          0;           0;         inf;         inf;         inf;         inf;         inf;     noimage; 
          0;           0;     0.04004;    -0.02676;     1.40661;    0.433043;    -82.2446;           0; 
          0;           0;     0.03904;    -0.02432;       1.297;     0.40875;    -82.1338;           0; 
          0;           0;     0.03904;    -0.02432;       1.297;     0.40875;    -82.1338;     noimage; 
          0;           0;     0.03904;    -0.02432;       1.297;     0.40875;    -82.1338;     noimage; 
          0;           0;     0.03904;    -0.02432;       1.297;     0.40875;    -82.1338;     noimage; 
          0;           0;     0.03904;    -0.02432;       1.297;     0.40875;    -82.1338;     noimage; 
          0;           0;     0.03904;    -0.02432;       1.297;     0.40875;    -82.1338;     noimage; 
          0;           0;     0.03904;    -0.02432;       1.297;     0.40875;    -82.1338;     noimage; 
          0;           0;     0.03904;    -0.02432;       1.297;     0.40875;    -82.1338;     noimage; 
          0;           0;     0.03904;    -0.02432;       1.297;     0.40875;    -82.1338;     noimage; 
          0;           0;     0.03804;    -0.02016;     1.18509;    0.384319;    -81.8671;           0; 
          0;           0;     0.03804;    -0.02016;     1.18509;    0.384319;    -81.8671;     noimage; 
          0;           0;     0.03804;    -0.02016;     1.18509;    0.384319;    -81.8671;     noimage; 
          0;           0;     0.03804;    -0.02016;     1.18509;    0.384319;    -81.8671;     noimage; 
          0;           0;     0.03804;    -0.02016;     1.18509;    0.384319;    -81.8671;     noimage; 
          0;           0;     0.03804;    -0.02016;     1.18509;    0.384319;    -81.8671;     noimage; 
          0;           0;     0.03804;    -0.02016;     1.18509;    0.384319;    -81.8671;     noimage; 
          0;           0;     0.03804;    -0.02016;     1.18509;    0.384319;    -81.8671;     noimage; 
          0;           0;     0.03804;    -0.02016;     1.18509;    0.384319;    -81.8671;     noimage; 
          0;           0;     0.03748;     -0.0186;     1.10328;    0.361005;    -81.6216;           0; 
          0;           0;     0.03748;     -0.0186;     1.10328;    0.361005;    -81.6216;     noimage; 
          0;           0;     0.03748;     -0.0186;     1.10328;    0.361005;    -81.6216;     noimage; 
          0;           0;     0.03748;     -0.0186;     1.10328;    0.361005;    -81.6216;     noimage; 
          0;           0;     0.03748;     -0.0186;     1.10328;    0.361005;    -81.6216;     noimage; 
          0;           0;     0.03748;     -0.0186;     1.10328;    0.361005;    -81.6216;     noimage; 
          0;           0;     0.03748;     -0.0186;     1.10328;    0.361005;    -81.6216;     noimage; 
          0;           0;     0.03748;     -0.0186;     1.10328;    0.361005;    -81.6216;     noimage; 
          0;           0;     0.03748;     -0.0186;     1.10328;    0.361005;    -81.6216;     noimage; 
          0;           0;     0.03784;    -0.02084;     1.02325;    0.341703;    -81.3777;           0; 
          0;           0;     0.03784;    -0.02084;     1.02325;    0.341703;    -81.3777;     noimage; 
          0;           0;     0.03784;    -0.02084;     1.02325;    0.341703;    -81.3777;     noimage; 
          0;           0;     0.03784;    -0.02084;     1.02325;    0.341703;    -81.3777;     noimage; 
          0;           0;     0.03784;    -0.02084;     1.02325;    0.341703;    -81.3777;     noimage; 
          0;           0;     0.03784;    -0.02084;     1.02325;    0.341703;    -81.3777;     noimage; 
          0;           0;     0.03784;    -0.02084;     1.02325;    0.341703;    -81.3777;     noimage; 
          0;           0;     0.03784;    -0.02084;     1.02325;    0.341703;    -81.3777;     noimage; 
          0;           0;     0.03784;    -0.02084;     1.02325;    0.341703;    -81.3777;     noimage; 
          0;           0;     0.03748;    -0.02116;    0.946045;    0.323945;    -80.8732;           0; 
          0;           0;     0.03748;    -0.02116;    0.946045;    0.323945;    -80.8732;     noimage; 
          0;           0;     0.03748;    -0.02116;    0.946045;    0.323945;    -80.8732;     noimage; 
          0;           0;     0.03748;    -0.02116;    0.946045;    0.323945;    -80.8732;     noimage; 
          0;           0;     0.03748;    -0.02116;    0.946045;    0.323945;    -80.8732;     noimage; 
          0;           0;     0.03748;    -0.02116;    0.946045;    0.323945;    -80.8732;     noimage; 
          0;           0;     0.03748;    -0.02116;    0.946045;    0.323945;    -80.8732;     noimage; 
          0;           0;     0.03748;    -0.02116;    0.946045;    0.323945;    -80.8732;     noimage; 
          0;           0;     0.03748;    -0.02116;    0.946045;    0.323945;    -80.8732;     noimage; 
          0;           0;     0.03684;     -0.0208;    0.900077;    0.309374;    -80.6769;           0; 
          0;           0;     0.03684;     -0.0208;    0.900077;    0.309374;    -80.6769;     noimage; 
          0;           0;     0.03684;     -0.0208;    0.900077;    0.309374;    -80.6769;     noimage; 
          0;           0;     0.03684;     -0.0208;    0.900077;    0.309374;    -80.6769;     noimage; 
          0;           0;     0.03684;     -0.0208;    0.900077;    0.309374;    -80.6769;     noimage; 
          0;           0;     0.03684;     -0.0208;    0.900077;    0.309374;    -80.6769;     noimage; 
          0;           0;     0.03684;     -0.0208;    0.900077;    0.309374;    -80.6769;     noimage; 
          0;           0;     0.03684;     -0.0208;    0.900077;    0.309374;    -80.6769;     noimage; 
          0;           0;     0.03684;     -0.0208;    0.900077;    0.309374;    -80.6769;     noimage; 
          0;           0;     0.03648;     -0.0222;    0.865746;    0.298106;    -80.7386;           0; 
          0;           0;     0.03648;     -0.0222;    0.865746;    0.298106;    -80.7386;     noimage; 
          0;           0;     0.03648;     -0.0222;    0.865746;    0.298106;    -80.7386;     noimage; 
          0;           0;     0.03648;     -0.0222;    0.865746;    0.298106;    -80.7386;     noimage; 
          0;           0;     0.03648;     -0.0222;    0.865746;    0.298106;    -80.7386;     noimage; 
          0;           0;     0.03648;     -0.0222;    0.865746;    0.298106;    -80.7386;     noimage; 
          0;           0;     0.03648;     -0.0222;    0.865746;    0.298106;    -80.7386;     noimage; 
          0;           0;     0.03648;     -0.0222;    0.865746;    0.298106;    -80.7386;     noimage; 
          0;           0;     0.03648;     -0.0222;    0.865746;    0.298106;    -80.7386;     noimage; 
          0;           0;      0.0362;    -0.02316;    0.830087;    0.287974;    -80.7305;           0; 
          0;           0;      0.0362;    -0.02316;    0.830087;    0.287974;    -80.7305;     noimage; 
          0;           0;      0.0362;    -0.02316;    0.830087;    0.287974;    -80.7305;     noimage; 
          0;           0;      0.0362;    -0.02316;    0.830087;    0.287974;    -80.7305;     noimage; 
          0;           0;      0.0362;    -0.02316;    0.830087;    0.287974;    -80.7305;     noimage; 
          0;           0;      0.0362;    -0.02316;    0.830087;    0.287974;    -80.7305;     noimage; 
          0;           0;      0.0362;    -0.02316;    0.830087;    0.287974;    -80.7305;     noimage; 
       0.05;           0;   0.0860775;  -0.0231197;    0.823657;    0.294838;    -80.6299;     noimage; 
        0.1;           0;    0.135544;  -0.0229413;    0.817289;     0.29994;    -80.5348;     noimage; 
       0.15;           0;    0.140771;   -0.050108;    0.731416;    0.291567;      -81.03;        0.15; 
        0.2;           0;    0.243561;  -0.0493014;     0.71708;    0.317937;     -80.305;     noimage; 
       0.25;           0;    0.286653;  -0.0491542;    0.712211;    0.323662;     -80.229;     noimage; 
        0.3;           0;    0.337414;  -0.0489838;    0.706205;    0.330354;    -80.0914;     noimage; 
       0.35;           0;    0.389343;  -0.0486329;    0.699514;    0.337838;    -79.8392;     noimage; 
        0.4;           0;    0.442019;  -0.0484544;    0.693431;    0.344069;    -79.7142;     noimage; 
       0.45;           0;    0.490451;  -0.0483664;    0.688415;    0.348705;    -79.7233;     noimage; 
        0.5;           0;    0.539647;  -0.0483411;    0.683572;    0.354685;     -79.752;     noimage; 
       0.55;           0;    0.592391;  -0.0484138;    0.676112;    0.359845;    -79.3296;     noimage; 
        0.6;           0;     0.60413;  -0.0339507;    0.664201;    0.302072;    -78.6406;         0.6; 
       0.65;           0;      0.7006;  -0.0337754;    0.653034;    0.321687;    -78.3639;     noimage; 
        0.7;           0;    0.752265;  -0.0339875;    0.646249;    0.328439;    -78.0851;     noimage; 
       0.75;           0;    0.801654;  -0.0341325;    0.640336;    0.332983;    -77.9372;     noimage; 
        0.8;           0;    0.850766;  -0.0341315;    0.634889;    0.337689;    -77.8624;     noimage; 
       0.85;           0;    0.898843;  -0.0343918;    0.628279;     0.34301;    -77.5232;     noimage; 
        0.9;           0;    0.951582;  -0.0347528;    0.620891;    0.349524;    -77.1147;     noimage; 
       0.95;           0;     1.00824;    -0.03485;    0.614438;    0.353564;    -76.9835;     noimage; 
          1;           0;     1.05065;  -0.0349318;    0.609036;    0.358131;    -76.7331;     noimage; 
       1.05;           0;     1.05383;  -0.0226324;    0.596799;    0.298468;     -79.682;        1.05; 
        1.1;           0;     1.15516;  -0.0230571;    0.582229;    0.321465;    -78.6378;     noimage; 
       1.15;           0;     1.20639;  -0.0232512;    0.575424;    0.325707;    -78.2958;     noimage; 
        1.2;           0;     1.25408;  -0.0231793;    0.567685;    0.330468;     -77.645;     noimage; 
       1.25;           0;       1.308;  -0.0231586;    0.559287;    0.335255;    -76.9939;     noimage; 
        1.3;           0;     1.35728;  -0.0230777;    0.552833;    0.339688;    -76.6255;     noimage; 
       1.35;           0;     1.40287;  -0.0229647;    0.548129;    0.344407;    -76.5321;     noimage; 
    1.39998;  0.00124987;     1.45441;   -0.021834;     0.53961;    0.349024;    -75.7227;     noimage; 
    1.44984;  0.00499636;     1.50771;  -0.0180726;    0.533065;     0.35597;     -75.279;     noimage; 
    1.49945;   0.0112301;     1.50774;  -0.0181984;    0.532479;    0.356059;    -75.2941;     1.49945; 
    1.54869;   0.0199355;     1.60127; -0.00470321;    0.521359;    0.370657;    -74.3873;     noimage; 
    1.59743;   0.0310908;      1.6517;  0.00643831;     0.51609;    0.377389;     -74.001;     noimage; 
    1.64555;   0.0446682;     1.70197;   0.0205004;    0.510677;    0.383574;    -73.5504;     noimage; 
    1.69293;   0.0606336;     1.74663;   0.0352027;    0.506844;    0.387205;    -73.3828;     noimage; 
    1.73946;   0.0789472;     1.79161;   0.0521635;    0.504504;    0.391331;    -73.4839;     noimage; 
    1.78501;   0.0995633;     1.83938;   0.0731925;     0.50102;    0.397872;    -73.2752;     noimage; 
    1.83003;    0.121312;     1.88337;   0.0942059;    0.498816;    0.401909;    -73.3596;     noimage; 
    1.87506;     0.14306;     1.92871;    0.116186;    0.498375;    0.408482;    -73.7345;     noimage; 
    1.92008;    0.164808;     1.93682;    0.121385;    0.450779;    0.296179;    -73.0745;     1.92008; 
     1.9651;    0.186556;      2.0269;    0.165489;    0.458118;    0.319982;    -75.0449;     noimage; 
    2.01012;    0.208305;     2.07254;    0.187813;    0.457677;    0.326266;    -75.6505;     noimage; 
    2.05514;    0.230053;     2.11677;    0.209484;    0.456848;    0.331528;    -76.2578;     noimage; 
    2.10017;    0.251801;     2.16488;    0.232554;    0.457646;    0.336926;    -77.4208;     noimage; 
    2.14519;    0.273549;     2.20802;     0.25319;    0.456373;    0.341045;     -78.146;     noimage; 
    2.19021;    0.295298;     2.25403;     0.27525;    0.454923;    0.346701;    -79.0007;     noimage; 
    2.23523;    0.317046;     2.29661;    0.295689;     0.45273;    0.347736;    -79.7172;     noimage; 
    2.28026;    0.338794;     2.34418;     0.31845;    0.451849;    0.350871;    -81.1437;     noimage; 
    2.32528;    0.360543;     2.34473;    0.312904;    0.382492;    0.253275;    -75.0976;     2.32528; 
     2.3703;    0.382291;     2.43247;    0.355529;    0.387636;    0.280199;       -77.4;     noimage; 
    2.41477;    0.405158;     2.47834;     0.37909;    0.389012;    0.286359;    -78.9289;     noimage; 
    2.45803;    0.430218;     2.52005;    0.403229;    0.389779;    0.290337;    -80.4756;     noimage; 
    2.49999;     0.45741;     2.56434;    0.431967;    0.390162;    0.294978;    -82.3619;     noimage; 
    2.54054;    0.486665;     2.60672;    0.463084;     0.39081;    0.298381;     -84.693;     noimage; 
    2.58034;    0.516924;      2.6423;     0.49064;    0.391765;     0.29895;    -86.9362;     noimage; 
    2.62015;    0.547184;     2.68246;    0.521238;    0.391872;     0.30328;     89.7383;     noimage; 
    2.65995;    0.577443;      2.7255;    0.553968;    0.389933;    0.308157;     85.6888;     noimage; 
    2.69976;    0.607702;     2.73031;    0.563622;    0.304806;    0.251428;    -66.9519;     2.69976; 
    2.73956;    0.637962;      2.8068;    0.622885;    0.333183;    0.275425;    -74.9635;     noimage; 
    2.77937;    0.668221;     2.84705;    0.654059;    0.338216;    0.281745;    -78.1693;     noimage; 
    2.81917;     0.69848;     2.88483;    0.683301;    0.342538;    0.287081;    -82.1956;     noimage; 
    2.85897;     0.72874;     2.92794;    0.716693;     0.34475;    0.291628;     -87.269;     noimage; 
    2.89878;    0.758999;     2.96845;    0.748065;    0.343535;    0.294426;     88.1979;     noimage; 
    2.93858;    0.789258;     3.00694;    0.777765;     0.34111;    0.295837;     83.1367;     noimage; 
    2.97839;    0.819518;     3.04816;    0.809513;    0.336952;    0.295997;     77.5047;     noimage; 
    3.01819;    0.849777;     3.08384;    0.837126;    0.331223;    0.296205;     72.4162;     noimage; 
    3.05799;    0.880036;     3.12348;    0.867777;      0.3255;    0.294349;     68.9128;     noimage; 
     3.0978;    0.910296;     3.12693;    0.873011;    0.247135;    0.246857;     -46.892;      3.0978; 
     3.1376;    0.940555;     3.20722;    0.934922;    0.274517;    0.274049;    -41.0053;     noimage; 
    3.17741;    0.970814;     3.24747;    0.965995;     0.28019;    0.278097;    -34.6049;     noimage; 
    3.21644;     1.00206;     3.28292;    0.994871;    0.287357;    0.282607;    -22.3854;     noimage; 
    3.25387;     1.03522;     3.32266;     1.03047;    0.290729;    0.284929;     15.2805;     noimage; 
    3.28959;      1.0702;     3.35764;     1.06499;    0.285716;    0.282758;     32.3783;     noimage; 
    3.32352;     1.10693;     3.39214;     1.10311;    0.281972;    0.279408;      35.976;     noimage; 
    3.35652;     1.14449;     3.42465;     1.14135;    0.277925;    0.276804;     39.8864;     noimage; 
    3.38951;     1.18206;     3.45748;     1.17976;    0.274603;    0.273993;     41.6417;     noimage; 
    3.42251;     1.21962;      3.4909;     1.21836;    0.271522;      0.2713;     43.1712;     noimage; 
    3.45551;     1.25719;     3.52083;     1.25279;    0.269088;    0.268873;      43.341;     noimage; 
    3.48851;     1.29475;     3.52857;     1.26218;    0.268393;    0.251042;    -19.4938;     3.48851; 
    3.52151;     1.33231;     3.59562;     1.34041;    0.273392;    0.265211;     26.8648;     noimage; 
    3.55356;     1.37069;     3.62755;     1.37965;    0.266661;     0.26362;     35.6797;     noimage; 
    3.58365;     1.41062;     3.65625;     1.41884;     0.26203;    0.261218;     40.8137;     noimage; 
    3.61171;     1.45201;     3.68169;     1.45703;    0.259341;    0.259323;     45.5767;     noimage; 
    3.63767;     1.49474;     3.70792;     1.50086;    0.257649;    0.256662;     48.7672;     noimage; 
    3.66254;     1.53811;     3.73274;     1.54549;    0.255655;    0.253647;     49.9476;     noimage; 
    3.68742;     1.58148;     3.75652;      1.5879;    0.254408;    0.251122;     51.0661;     noimage; 
     3.7123;     1.62486;     3.78213;     1.63302;     0.25354;    0.248517;     52.0119;     noimage; 
    3.73718;     1.66823;     3.80702;     1.67681;    0.253978;    0.246361;     53.2297;     noimage; 
    3.76206;      1.7116;     3.83073;      1.7193;    0.253972;    0.244233;     53.8811;     noimage; 
    3.78694;     1.75497;     3.83278;     1.72592;    0.264013;    0.248547;     76.9661;     3.78694; 
    3.81182;     1.79834;     3.88157;     1.81242;     0.26696;    0.243963;     64.8552;     noimage; 
    3.83669;     1.84171;     3.90866;      1.8599;    0.265458;     0.24092;     63.4648;     noimage; 
    3.86157;     1.88508;     3.93007;      1.8976;    0.265316;     0.23838;     63.4055;     noimage; 
    3.88645;     1.92845;     3.95555;     1.94206;    0.265414;     0.23547;     63.1937;     noimage; 
    3.91133;     1.97182;      3.9816;     1.98741;    0.263352;    0.232622;     62.3344;     noimage; 
    3.93621;      2.0152;     4.00554;     2.02908;    0.262894;    0.230009;     61.9054;     noimage; 
    3.96109;     2.05857;     4.03108;     2.07344;    0.260501;    0.227259;     61.0811;     noimage; 
    3.98597;     2.10194;     4.05621;     2.11735;    0.260729;     0.22454;     60.9649;     noimage; 
    4.01084;     2.14531;     4.08044;     2.15976;    0.260611;    0.221954;      60.929;     noimage; 
    4.03572;     2.18868;     4.10586;     2.20381;    0.261618;    0.219298;     60.9792;     noimage; 
     4.0606;     2.23205;     4.13216;      2.2491;     0.26075;     0.21665;     60.6064;     noimage; 
    4.08548;     2.27542;     4.09081;     2.19091;    0.219882;    0.197735;    -12.1134;     4.08548; 
    4.11036;     2.31879;     4.13929;     2.27652;     0.21609;    0.216005;     43.2969;     noimage; 
    4.13415;     2.36277;     4.16399;      2.3231;    0.216477;    0.215328;     50.5541;     noimage; 
     4.1557;     2.40789;     4.18501;     2.36841;    0.217713;    0.213979;     53.8584;     noimage; 
    4.17498;     2.45402;     4.20188;     2.40941;    0.220219;    0.213052;     56.3782;     noimage; 
    4.19193;     2.50106;     4.21947;     2.45824;    0.225163;    0.212263;     59.1353;     noimage; 
     4.2065;     2.54889;     4.23445;     2.50824;    0.228658;    0.211335;     60.5684;     noimage; 
    4.21867;     2.59739;     4.24622;      2.5565;    0.232082;    0.210426;     61.3965;     noimage; 
     4.2284;     2.64643;      4.2553;     2.60333;    0.239698;    0.211171;     63.5232;     noimage; 
    4.23566;      2.6959;     4.26256;     2.65285;    0.246991;    0.211443;     64.9295;     noimage; 
    4.24169;     2.74554;     4.26885;     2.70529;    0.255397;    0.212227;     66.3001;     noimage; 
    4.24771;     2.79517;     4.27411;     2.75149;    0.261961;    0.213381;       67.31;     noimage; 
    4.25374;     2.84481;     4.28005;     2.80322;    0.269572;     0.21496;     68.2832;     noimage; 
    4.25976;     2.89444;     4.28005;     2.80322;    0.269572;     0.21496;     68.2832;     4.25976; 
    4.26579;     2.94408;     4.29206;     2.90369;    0.293963;    0.219783;      71.082;     noimage; 
    4.27057;     2.99385;     4.29656;     2.95271;    0.300763;    0.222365;     71.6027;     noimage; 
    4.27286;      3.0438;     4.29882;     3.00098;    0.308264;     0.22583;     72.4192;     noimage; 
    4.27265;      3.0938;       4.299;     3.05239;     0.31458;    0.229733;     72.9592;     noimage; 
    4.26994;     3.14372;     4.29618;     3.10321;    0.321708;    0.233998;     73.5061;     noimage; 
    4.26474;     3.19345;     4.29113;      3.1501;    0.327352;    0.239023;     74.1338;     noimage; 
    4.25706;     3.24286;     4.28324;     3.20044;    0.336729;    0.245077;     75.2331;     noimage; 
    4.24692;     3.29182;     4.27212;     3.25316;    0.345693;    0.251987;     76.2617;     noimage; 
    4.23556;     3.34051;     4.26163;     3.29748;    0.351513;    0.257315;     76.7017;     noimage; 
     4.2242;     3.38921;     4.25045;     3.34516;    0.359503;    0.264326;     77.5489;     noimage; 
    4.21284;      3.4379;      4.2387;     3.39507;    0.364998;    0.271395;      77.867;     noimage; 
    4.20148;     3.48659;     4.22762;     3.44229;    0.369371;    0.278372;     78.0173;     noimage; 
    4.19012;     3.53528;     4.22143;     3.39711;    0.372056;    0.248186;     83.8871;     4.19012; 
    4.17876;     3.58398;     4.19813;     3.49054;    0.390254;    0.261233;     85.8869;     noimage; 
     4.1674;     3.63267;     4.18436;     3.54516;    0.397042;    0.267966;     86.1769;     noimage; 
    4.15604;     3.68136;     4.17235;     3.59277;    0.400707;    0.273126;      85.707;     noimage; 
    4.14468;     3.73005;     4.16095;     3.63885;    0.405194;    0.278526;      85.472;     noimage; 
    4.13332;     3.77874;     4.14913;     3.68662;    0.408177;    0.283829;     84.8393;     noimage; 
    4.12075;     3.82714;     4.13567;     3.73579;    0.415894;     0.29052;     85.0235;     noimage; 
    4.10577;     3.87484;     4.11949;     3.78479;     0.41999;    0.298238;     85.0197;     noimage; 
    4.08843;     3.92174;     4.10176;     3.83064;    0.422118;    0.305298;     84.6147;     noimage; 
    4.06876;     3.96771;     4.08137;     3.87673;    0.426191;    0.312682;     84.3424;     noimage; 
    4.04682;     4.01264;     4.05862;     3.92134;    0.430314;    0.320406;     84.0151;     noimage; 
    4.02377;     4.05701;     4.03482;     3.96514;    0.434306;    0.327608;     83.4279;     noimage; 
    4.00072;     4.10138;     4.01186;     4.00807;    0.439151;    0.335048;     83.0616;     noimage; 
    3.97766;     4.14574;     4.01506;     4.07704;    0.347005;    0.173402;      82.627;     3.97766; 
    3.95461;     4.19011;     3.96801;     4.16951;    0.371103;    0.186927;     87.4701;     noimage; 
    3.93156;     4.23448;     3.94826;     4.20861;    0.373335;    0.190202;     88.3786;     noimage; 
     3.9074;     4.27826;     3.92214;     4.25661;    0.376727;    0.193626;     89.5015;     noimage; 
    3.88109;     4.32077;     3.89669;     4.29769;      0.3812;    0.197513;    -89.1501;     noimage; 
    3.85268;     4.36192;     3.86864;     4.33852;    0.383636;    0.200406;    -88.2284;     noimage; 
    3.82226;      4.4016;     3.83715;      4.3797;    0.384231;    0.206492;    -87.0502;     noimage; 
    3.78988;     4.43971;     3.80618;     4.41663;    0.385246;    0.209929;     -86.281;     noimage; 
    3.75565;     4.47615;     3.77336;     4.45221;    0.385751;    0.214397;    -85.4422;     noimage; 
    3.71964;     4.51083;     3.73736;     4.48706;    0.386843;     0.22038;    -84.1583;     noimage; 
    3.68277;      4.5446;     3.70016;     4.52134;    0.386964;    0.225214;    -83.4657;     noimage; 
     3.6459;     4.57838;     3.66406;     4.55491;    0.388309;    0.229945;    -82.5572;     noimage; 
    3.60903;     4.61215;     3.64901;     4.60115;    0.242844;    0.145786;    -71.5871;     3.60903; 
    3.57216;     4.64592;     3.57593;     4.66794;    0.229843;    0.153731;    -65.6226;     noimage; 
    3.53445;     4.67876;     3.53512;     4.70326;    0.224132;     0.15514;    -63.6332;     noimage; 
    3.49516;     4.70968;     3.49624;      4.7338;    0.218832;    0.156298;    -62.1422;     noimage; 
    3.45436;     4.73859;     3.46013;     4.75965;    0.214467;    0.157423;    -61.0865;     noimage; 
    3.41218;     4.76543;     3.41521;     4.78851;    0.208622;    0.158739;    -59.4803;     noimage; 
     3.3687;     4.79013;     3.36871;     4.81465;    0.204034;    0.159892;    -58.3273;     noimage; 
    3.32462;     4.81373;     3.32712;     4.83678;    0.199571;    0.162573;    -57.0033;     noimage; 
    3.28054;     4.83733;     3.28236;     4.86095;    0.194986;    0.165107;    -55.5099;     noimage; 
    3.23647;     4.86093;     3.27777;     4.86681;    0.140037;    0.139208;    -42.7498;     3.23647; 
    3.19239;     4.88453;     3.19055;      4.9134;    0.148639;    0.139214;    -38.2947;     noimage; 
    3.14831;     4.90813;     3.14566;     4.93736;    0.151176;    0.138415;    -37.3864;     noimage; 
    3.10423;     4.93174;     3.10301;     4.96022;    0.153903;    0.137714;    -36.5518;     noimage; 
    3.06015;     4.95534;     3.05809;     4.98448;    0.157312;    0.136768;    -35.7843;     noimage; 
    3.01549;     4.97783;     3.01355;     5.00691;    0.161397;     0.13599;    -34.9709;     noimage; 
    2.96977;     4.99806;     2.96548;     5.02804;    0.166086;    0.135066;    -34.1946;     noimage; 
    2.92309;     5.01598;     2.92098;     5.04497;    0.170382;    0.134622;    -33.5184;     noimage; 
    2.87558;     5.03155;     2.87281;     5.06048;    0.176185;    0.134302;    -32.7444;     noimage; 
    2.82769;     5.04592;      2.8599;     5.06494;    0.163933;    0.124772;     -29.253;     2.82769; 
     2.7798;      5.0603;     2.76585;     5.09281;     0.19283;    0.124238;    -25.6266;     noimage; 
    2.73191;     5.07467;     2.71247;     5.10887;    0.199135;     0.12316;    -24.8867;     noimage; 
    2.68402;     5.08905;      2.6698;     5.12185;    0.204104;    0.122322;    -24.3206;     noimage; 
    2.63613;     5.10342;     2.62048;     5.13678;    0.211286;    0.121282;    -23.6603;     noimage; 
    2.58824;     5.11779;     2.57493;     5.15053;    0.216069;    0.120131;    -23.3129;     noimage; 
    2.54035;     5.13217;     2.52614;     5.16528;    0.223023;    0.119083;    -22.7738;     noimage; 
    2.49246;     5.14654;     2.47583;     5.18062;    0.227226;     0.11773;    -22.5314;     noimage; 
    2.44457;     5.16092;     2.43043;     5.19477;    0.232956;    0.116677;    -22.1515;     noimage; 
    2.39668;     5.17529;     2.42645;     5.19741;    0.203848;   0.0934384;    -23.2183;     2.39668; 
    2.34879;     5.18966;     2.33079;     5.22638;    0.232449;   0.0917465;     -21.823;     noimage; 
     2.3009;     5.20404;     2.28372;     5.24062;    0.236842;   0.0909585;    -21.4702;     noimage; 
    2.25302;     5.21841;      2.2354;     5.25532;    0.241748;   0.0900788;    -21.2105;     noimage; 
    2.20478;     5.23158;     2.18616;     5.26887;    0.248294;   0.0893551;    -20.8838;     noimage; 
    2.15595;     5.24233;     2.13579;     5.28001;     0.25793;   0.0892165;    -20.3301;     noimage; 
    2.10664;     5.25062;     2.08987;     5.28775;    0.264821;   0.0893924;    -19.8873;     noimage; 
    2.05698;     5.25644;     2.04229;     5.29338;    0.273075;    0.090411;    -19.3121;     noimage; 
    2.00709;     5.25976;     1.98966;     5.29685;    0.280926;   0.0922784;    -18.7087;     noimage; 
     1.9571;     5.26059;     1.93803;     5.29757;    0.292693;   0.0955781;    -17.8369;     noimage; 
    1.90713;     5.25892;     1.91579;      5.2953;    0.253321;   0.0589139;    -17.2345;     1.90713; 
    1.85721;       5.256;     1.82171;     5.28755;    0.283705;   0.0751992;    -14.3292;     noimage; 
    1.80739;     5.25184;     1.76999;     5.28078;    0.294306;   0.0817461;     -13.232;     noimage; 
    1.75783;     5.24519;     1.71982;     5.27164;    0.300016;   0.0880248;    -12.4776;     noimage; 
    1.70867;     5.23607;     1.67141;     5.26026;    0.308689;   0.0947968;    -11.5082;     noimage; 
    1.66002;      5.2245;     1.62333;     5.24652;    0.318634;    0.103898;    -10.2555;     noimage; 
    1.61202;     5.21052;     1.57517;     5.23021;    0.324725;    0.112587;    -9.30525;     noimage; 
    1.56477;     5.19416;     1.53234;     5.21346;    0.331359;    0.119118;    -8.48377;     noimage; 
     1.5184;     5.17546;     1.48568;      5.1925;    0.338553;    0.127636;    -7.52067;     noimage; 
    1.47303;     5.15446;      1.4412;     5.16968;    0.342225;    0.134715;    -7.03779;     noimage; 
    1.42819;     5.13233;     1.43181;     5.17437;    0.259464;    0.106074;    -10.1802;     1.42819; 
    1.38335;      5.1102;     1.34075;     5.12796;    0.293366;    0.128014;    -3.91858;     noimage; 
    1.33851;     5.08808;     1.29851;     5.10651;    0.297739;    0.131189;    -3.18356;     noimage; 
    1.29367;     5.06595;     1.25185;     5.08273;    0.306356;    0.135464;    -1.78479;     noimage; 
    1.24884;     5.04383;      1.2069;     5.05981;    0.310366;    0.139621;   -0.949775;     noimage; 
      1.204;      5.0217;      1.1644;     5.03831;    0.313239;    0.142798;   -0.432789;     noimage; 
    1.15916;     4.99957;     1.12092;     5.01617;    0.318652;    0.145131;    0.212597;     noimage; 
    1.11432;     4.97745;     1.07627;     4.99321;    0.324257;    0.148726;     1.04692;     noimage; 
    1.06948;     4.95532;     1.03038;     4.96984;    0.331511;    0.152883;     2.14835;     noimage; 
    1.02465;      4.9332;    0.984274;     4.94675;    0.337813;    0.156202;     2.91283;     noimage; 
   0.979809;     4.91107;    0.940587;     4.92489;    0.340412;    0.159957;     3.39555;     noimage; 
   0.935538;     4.88783;    0.940587;     4.92489;    0.340412;    0.159957;     3.39555;    0.935538; 
   0.892484;     4.86241;    0.857318;     4.87778;    0.353715;    0.171654;     6.35219;     noimage; 
   0.850755;     4.83486;    0.813635;     4.84882;    0.355709;     0.17685;     6.91336;     noimage; 
   0.810454;     4.80527;    0.772323;     4.81817;    0.359079;    0.181098;     7.37317;     noimage; 
   0.770905;     4.77468;    0.734977;     4.78869;    0.361214;    0.186202;     7.81485;     noimage; 
   0.731357;     4.74408;      0.6924;     4.75507;    0.364541;    0.192587;     8.53079;     noimage; 
   0.691809;     4.71349;    0.652424;     4.72325;    0.368018;    0.197642;     8.85037;     noimage; 
    0.65226;      4.6829;    0.616767;     4.69499;    0.370799;    0.202563;     9.14496;     noimage; 
   0.612712;      4.6523;    0.576455;     4.66351;    0.373294;    0.208673;     9.41313;     noimage; 
   0.573164;     4.62171;    0.535915;     4.63181;    0.376992;    0.214092;     9.66688;     noimage; 
   0.533615;     4.59112;     0.49526;      4.6001;    0.383259;     0.21893;     10.0347;     noimage; 
   0.494067;     4.56053;     0.49526;      4.6001;    0.383259;     0.21893;     10.0347;    0.494067; 
   0.454518;     4.52993;    0.421009;     4.54241;    0.390396;    0.234176;     11.7893;     noimage; 
    0.41497;     4.49934;    0.380579;     4.51107;    0.394571;    0.240197;     11.8455;     noimage; 
   0.375422;     4.46875;    0.341734;     4.48107;    0.398279;      0.2462;     11.8031;     noimage; 
   0.335873;     4.43815;     0.30083;     4.44946;    0.401818;    0.253047;     11.8294;     noimage; 
   0.296325;     4.40756;     0.26331;     4.42063;    0.406364;    0.258843;     11.8272;     noimage; 
   0.256776;     4.37697;    0.221951;     4.38863;    0.411111;    0.265793;     11.8278;     noimage; 
   0.217228;     4.34638;    0.180369;     4.35631;    0.414849;    0.273904;     11.9976;     noimage; 
    0.17768;     4.31578;     0.14131;       4.326;    0.418979;    0.280803;     11.8715;     noimage; 
   0.138131;     4.28519;    0.102415;      4.2956;    0.422993;    0.288666;     12.0914;     noimage; 
  0.0985829;      4.2546;    0.063995;     4.26593;    0.426857;    0.295805;     11.9007;     noimage; 
  0.0590345;       4.224;   0.0218023;     4.23376;    0.432189;    0.302502;     11.4516;     noimage; 
  0.0202632;     4.19243;  -0.0136319;     4.20524;    0.436953;    0.308983;     11.3296;     noimage; 
 -0.0168817;     4.15896;   0.0165549;     4.18526;     0.52044;    0.353175;    -25.0418;  -0.0168817; 
 -0.0523073;     4.12368;   -0.054359;     4.11702;    0.542341;    0.373612;    -25.0934;     noimage; 
 -0.0868399;     4.08752;  -0.0884445;     4.08042;     0.54505;     0.37916;    -25.6062;     noimage; 
  -0.121372;     4.05136;   -0.123802;     4.04246;    0.544855;    0.385516;    -26.3604;     noimage; 
  -0.155905;      4.0152;   -0.157201;     4.00685;    0.549435;    0.391532;    -26.7123;     noimage; 
  -0.190438;     3.97904;   -0.193752;     3.96786;    0.553138;    0.398359;    -27.1847;     noimage; 
   -0.22497;     3.94288;   -0.225483;     3.93385;    0.556698;    0.402334;    -27.4978;     noimage; 
  -0.259503;     3.90672;   -0.265733;     3.89079;    0.556747;      0.4089;    -28.2412;     noimage; 
  -0.294035;     3.87056;    -0.29417;     3.86047;    0.560421;    0.412609;    -28.4714;     noimage; 
  -0.328568;      3.8344;   -0.329975;     3.82203;    0.565738;    0.419666;    -28.7886;     noimage; 
    -0.3631;     3.79824;   -0.361907;     3.78804;    0.568826;    0.423984;    -29.1077;     noimage; 
  -0.397633;     3.76208;   -0.397153;     3.75086;    0.570871;    0.429663;    -29.5642;     noimage; 
  -0.432165;     3.72592;   -0.433223;     3.71229;    0.575249;    0.436524;    -29.9138;     noimage; 
  -0.466698;     3.68976;   -0.327914;     3.61716;    0.665096;    0.394321;    -19.8758;   -0.466698; 
  -0.501231;      3.6536;   -0.390491;      3.5412;    0.673622;     0.41173;     -20.197;     noimage; 
  -0.535763;     3.61745;   -0.420759;     3.50477;    0.676979;    0.416957;    -20.3605;     noimage; 
  -0.570296;     3.58129;   -0.454924;     3.46378;    0.678966;    0.422788;    -20.6719;     noimage; 
  -0.603914;     3.54427;   -0.483866;     3.42742;    0.679903;    0.426077;    -20.9618;     noimage; 
   -0.63564;     3.50563;   -0.515356;     3.38324;    0.682082;    0.431504;     -21.263;     noimage; 
  -0.665395;     3.46545;   -0.540044;     3.34467;     0.68524;    0.433848;     -21.383;     noimage; 
  -0.694136;     3.42453;   -0.565736;     3.30237;    0.688106;    0.438977;    -21.6015;     noimage; 
  -0.722877;     3.38362;   -0.593201;     3.25699;    0.694206;    0.443255;    -21.6085;     noimage; 
  -0.751618;      3.3427;   -0.617692;     3.21627;    0.697284;    0.446518;     -21.767;     noimage; 
  -0.780359;     3.30179;   -0.642935;     3.17457;    0.702358;    0.451194;    -21.8306;     noimage; 
  -0.809101;     3.26088;    -0.67106;     3.12834;    0.706798;    0.457089;    -21.9982;     noimage; 
  -0.837842;     3.21996;    -0.69554;     3.08806;    0.709031;    0.462036;    -22.2493;     noimage; 
  -0.866583;     3.17905;   -0.655396;     3.08542;    0.757906;    0.395244;    -24.7581;   -0.866583; 
  -0.895324;     3.13814;   -0.709865;      2.9967;    0.775316;    0.414109;     -24.786;     noimage; 
  -0.924065;     3.09722;    -0.73444;     2.95672;     0.77877;    0.419184;    -24.9378;     noimage; 
  -0.952806;     3.05631;   -0.762131;     2.91198;    0.782748;    0.424628;    -25.0998;     noimage; 
  -0.981548;     3.01539;   -0.789335;     2.86814;    0.786388;    0.427268;    -25.2335;     noimage; 
   -1.01029;     2.97448;   -0.813506;     2.82857;    0.788127;    0.433844;    -25.4683;     noimage; 
   -1.03903;     2.93357;   -0.839368;      2.7866;    0.791967;    0.437628;    -25.5941;     noimage; 
   -1.06777;     2.89265;   -0.865149;     2.74522;    0.796644;    0.441166;    -25.6786;     noimage; 
   -1.09651;     2.85174;   -0.892302;     2.70139;    0.802287;    0.446402;    -25.7612;     noimage; 
   -1.12525;     2.81082;   -0.918753;      2.6587;    0.805839;    0.452246;    -25.9262;     noimage; 
   -1.15399;     2.76991;    -0.94463;      2.6175;     0.80864;    0.456311;    -26.0885;     noimage; 
   -1.18274;       2.729;   -0.940101;     2.58947;     1.08574;    0.493664;    -8.20658;    -1.18274; 
   -1.21148;     2.68808;   -0.995615;      2.5009;     1.10182;    0.511496;    -8.50047;     noimage; 
   -1.24022;     2.64717;    -1.01955;     2.46216;     1.10642;    0.514786;    -8.78791;     noimage; 
   -1.26896;     2.60626;    -1.04586;     2.41949;     1.11356;    0.519918;    -8.96988;     noimage; 
   -1.29871;     2.56607;    -1.07338;     2.37792;     1.11976;    0.525273;    -9.20619;     noimage; 
   -1.33044;     2.52743;    -1.10322;     2.33736;     1.12615;     0.53057;    -9.43599;     noimage; 
   -1.36312;     2.48959;    -1.13362;     2.29808;      1.1307;    0.534928;    -9.76377;     noimage; 
   -1.39581;     2.45175;     -1.1664;     2.25587;      1.1369;    0.540404;    -10.0374;     noimage; 
   -1.42849;     2.41391;    -1.19546;     2.21847;     1.14407;     0.54477;    -10.1963;     noimage; 
   -1.46117;     2.37607;    -1.22454;     2.18064;     1.14963;    0.551746;    -10.4317;     noimage; 
   -1.49385;     2.33823;    -1.25666;     2.13884;     1.15308;    0.555358;    -10.8315;     noimage; 
   -1.52653;     2.30039;    -1.28777;     2.09859;     1.15828;    0.559689;    -11.1163;     noimage; 
   -1.55922;     2.26255;    -1.28777;     2.09859;     1.15828;    0.559689;    -11.1163;    -1.55922; 
    -1.5919;     2.22471;    -1.34874;     2.01934;     1.16845;    0.573795;     -11.659;     noimage; 
   -1.62458;     2.18687;     -1.3778;     1.98192;     1.17361;    0.575614;    -11.9034;     noimage; 
   -1.65726;     2.14903;    -1.40925;      1.9419;     1.17843;    0.580624;     -12.194;     noimage; 
   -1.68994;     2.11119;    -1.43797;     1.90523;     1.18184;    0.585951;    -12.4987;     noimage; 
   -1.72263;     2.07335;    -1.46998;     1.86433;     1.18563;    0.590077;    -12.8362;     noimage; 
   -1.75435;      2.0347;    -1.50086;     1.82301;     1.18724;    0.595806;    -13.2616;     noimage; 
   -1.78411;     1.99452;    -1.52971;     1.77912;     1.19274;     0.60164;    -13.5227;     noimage; 
   -1.81285;      1.9536;    -1.55289;     1.74162;     1.19719;    0.604838;    -13.7501;     noimage; 
   -1.84159;     1.91269;      -1.581;     1.69683;     1.20722;    0.610843;    -13.8101;     noimage; 
   -1.87033;     1.87178;    -1.60872;     1.65299;     1.21249;    0.611832;    -14.0645;     noimage; 
   -1.89907;     1.83086;    -1.63321;     1.61462;     1.21784;    0.615939;    -14.2559;     noimage; 
   -1.92781;     1.78995;     -1.6596;     1.57325;     1.22025;    0.619168;    -14.6062;     noimage; 
   -1.95656;     1.74904;    -1.51446;     1.57531;    0.618449;    0.323887;     9.24741;    -1.95656; 
    -1.9853;     1.70812;    -1.56654;     1.49005;    0.612823;    0.341317;     10.4457;     noimage; 
   -2.01404;     1.66721;    -1.59553;     1.44279;    0.609876;    0.349253;     10.9215;     noimage; 
   -2.04278;     1.62629;    -1.62208;     1.39977;    0.607921;    0.354572;     11.3193;     noimage; 
   -2.07152;     1.58538;    -1.64808;     1.35788;    0.606882;    0.358262;     11.7699;     noimage; 
   -2.10026;     1.54447;    -1.67293;     1.31805;    0.604855;    0.364475;     12.1905;     noimage; 
     -2.129;     1.50355;    -1.69835;     1.27708;    0.603875;    0.367745;     12.3715;     noimage; 
   -2.15774;     1.46264;    -1.72528;      1.2331;    0.602534;    0.372325;     12.5274;     noimage; 
   -2.18648;     1.42172;    -1.75199;     1.18949;    0.601218;     0.37718;     12.6215;     noimage; 
   -2.21523;     1.38081;    -1.77642;     1.14989;    0.600674;    0.380153;     12.5885;     noimage; 
   -2.24397;      1.3399;    -1.80433;     1.10501;    0.599212;     0.38642;       12.81;     noimage; 
   -2.27271;     1.29898;    -1.83074;     1.06274;     0.59828;    0.391581;     13.0629;     noimage; 
   -2.30145;     1.25807;    -1.83074;     1.06274;     0.59828;    0.391581;     13.0629;    -2.30145; 
   -2.33019;     1.21716;    -1.88246;    0.979433;    0.596392;    0.403393;     14.1856;     noimage; 
   -2.35893;     1.17624;    -1.90906;    0.936665;    0.596611;    0.406874;     14.3549;     noimage; 
   -2.38767;     1.13533;    -1.93758;    0.890679;     0.59573;    0.412858;     15.1169;     noimage; 
   -2.41641;     1.09441;    -1.96175;    0.851352;    0.595008;    0.418067;     15.7421;     noimage; 
   -2.44516;      1.0535;    -1.98728;    0.810423;    0.595568;    0.421423;     15.7199;     noimage; 
    -2.4739;     1.01259;    -2.01611;    0.764458;    0.595451;    0.426695;     16.0859;     noimage; 
   -2.50264;    0.971672;    -2.04213;    0.722718;    0.595858;    0.431088;     16.4269;     noimage; 
   -2.53239;    0.931489;     -2.0685;    0.682913;    0.595714;    0.436464;     16.7984;     noimage; 
   -2.56412;    0.892844;    -2.09685;    0.644157;    0.596565;    0.440319;     16.8279;     noimage; 
    -2.5968;    0.855004;    -2.12886;    0.602059;     0.59689;    0.445864;     17.1742;     noimage; 
   -2.62948;    0.817164;    -2.15936;    0.562293;    0.598292;    0.449905;     17.1109;     noimage; 
   -2.66217;    0.779324;     -2.1899;    0.523043;    0.599122;    0.455115;       17.43;     noimage; 
   -2.69485;    0.741484;     -2.1899;    0.523043;    0.599122;    0.455115;       17.43;    -2.69485; 
   -2.72753;    0.703643;    -2.25063;    0.444789;    0.599391;    0.467577;     18.7812;     noimage; 
   -2.76021;    0.665803;    -2.28266;    0.403721;    0.601085;    0.473255;     19.0456;     noimage; 
   -2.79289;    0.627963;    -2.31022;    0.368934;    0.602743;    0.477672;     19.1629;     noimage; 
   -2.82558;    0.590123;    -2.34301;     0.32741;    0.605345;    0.482436;     19.1336;     noimage; 
    -2.8573;    0.551478;    -2.37373;    0.286157;    0.608338;    0.486809;     19.1382;     noimage; 
   -2.88706;    0.511295;    -2.40159;     0.24448;    0.609492;     0.49308;     19.6476;     noimage; 
   -2.91477;    0.469676;    -2.42558;    0.204702;    0.612034;    0.497712;     19.6348;     noimage; 
   -2.94036;    0.426723;    -2.44983;     0.15949;    0.616063;    0.502423;     19.1324;     noimage; 
   -2.96487;    0.383144;    -2.47223;    0.114784;    0.617726;    0.509786;     19.4862;     noimage; 
   -2.98939;    0.339566;    -2.49488;    0.069719;    0.620991;    0.515935;     19.4568;     noimage; 
    -3.0139;    0.295987;    -2.51681;   0.0260685;     0.62386;     0.52142;     19.7065;     noimage; 
   -3.03841;    0.252408;    -2.53984;  -0.0200777;     0.62723;    0.528236;     19.8628;     noimage; 
   -3.06293;    0.208829;    -2.53984;  -0.0200777;     0.62723;    0.528236;     19.8628;    -3.06293; 
   -3.08744;    0.165251;    -2.58357;   -0.107195;    0.632412;    0.542104;     20.8689;     noimage; 
   -3.11195;    0.121672;    -2.60734;   -0.153555;    0.637361;    0.548382;     20.5409;     noimage; 
   -3.13647;   0.0780929;    -2.63061;   -0.198726;    0.641465;    0.556006;      20.618;     noimage; 
   -3.16098;   0.0345141;    -2.65232;   -0.241031;    0.645712;    0.562038;     20.6362;     noimage; 
   -3.18549; -0.00906465;    -2.67539;   -0.286464;    0.651638;    0.567605;     20.2024;     noimage; 
      -3.21;  -0.0526434;    -2.69938;   -0.333812;    0.658141;    0.574365;     19.3869;     noimage; 
   -3.23452;  -0.0962222;    -2.72106;    -0.37591;    0.663536;    0.580831;     18.9862;     noimage; 
   -3.25903;   -0.139801;     -2.7437;   -0.419717;    0.669196;    0.587849;     18.4483;     noimage; 
   -3.28354;    -0.18338;    -2.76754;   -0.466226;    0.676224;    0.594466;     17.3394;     noimage; 
   -3.30806;   -0.226959;    -2.78928;   -0.509237;    0.682395;    0.600782;     16.4913;     noimage; 
   -3.33257;   -0.270537;    -2.81306;   -0.556027;    0.689118;    0.607605;     15.6764;     noimage; 
   -3.35708;   -0.314116;    -2.83477;   -0.598357;    0.696045;    0.612895;      14.398;     noimage; 
    -3.3816;   -0.357695;    -2.83477;   -0.598357;    0.696045;    0.612895;      14.398;     -3.3816; 
   -3.40611;   -0.401274;    -2.88076;   -0.687691;    0.708123;    0.627607;     13.4975;     noimage; 
   -3.43062;   -0.444853;    -2.90232;    -0.72962;    0.714856;    0.633254;     12.4182;     noimage; 
   -3.45404;    -0.48903;    -2.92369;   -0.774013;    0.721987;    0.638316;     11.1409;     noimage; 
   -3.47522;   -0.534324;    -2.94461;    -0.82349;    0.729152;    0.646228;     9.77595;     noimage; 
   -3.49411;   -0.580618;    -2.96018;   -0.865618;    0.735332;    0.651805;     8.37099;     noimage; 
   -3.51066;     -0.6278;    -2.97639;   -0.916727;    0.742832;     0.65619;     6.81612;     noimage; 
   -3.52483;   -0.675749;     -2.9886;   -0.963183;     0.74941;    0.660449;     5.68509;     noimage; 
   -3.53659;   -0.724347;    -2.99962;    -1.01574;    0.756605;    0.664882;     3.61236;     noimage; 
   -3.54713;   -0.773223;    -3.00841;     -1.0644;    0.762839;    0.668115;     1.72752;     noimage; 
   -3.55767;     -0.8221;    -3.01737;    -1.11371;    0.768538;    0.671032;   -0.268861;     noimage; 
   -3.56821;   -0.870976;     -3.0262;    -1.16097;    0.774042;    0.675608;    -1.65883;     noimage; 
   -3.57875;   -0.919853;    -3.03583;    -1.21301;    0.780094;    0.679965;    -3.11917;     noimage; 
   -3.58929;   -0.968729;    -3.01747;    -1.15934;    0.630366;    0.539883;    -7.20618;    -3.58929; 
   -3.59983;    -1.01761;    -3.03377;      -1.253;    0.632154;      0.5518;    -11.4566;     noimage; 
   -3.61037;    -1.06648;    -3.04208;    -1.30125;    0.633218;    0.554607;    -13.0914;     noimage; 
   -3.62091;    -1.11536;    -3.05061;     -1.3518;    0.633421;    0.557257;    -15.0022;     noimage; 
   -3.63266;    -1.16396;    -3.06021;    -1.40009;    0.636922;    0.560402;     -15.585;     noimage; 
   -3.64684;    -1.21191;    -3.07346;    -1.45113;    0.637864;    0.564718;     -17.212;     noimage; 
   -3.66339;    -1.25909;    -3.08886;    -1.49979;    0.637069;    0.568292;    -19.1123;     noimage; 
   -3.68228;    -1.30538;    -3.10495;    -1.54337;    0.639075;     0.57249;    -20.0919;     noimage; 
   -3.70232;    -1.35119;    -3.12406;    -1.59136;    0.638306;    0.576567;    -21.8648;     noimage; 
   -3.72236;      -1.397;    -3.14348;    -1.63984;    0.641765;    0.581421;    -22.6001;     noimage; 
    -3.7424;    -1.44281;    -3.16072;    -1.68278;    0.644792;    0.585454;    -23.2249;     noimage; 
   -3.76244;    -1.48862;    -3.18082;    -1.73242;     0.64844;    0.590177;    -23.9191;     noimage; 
   -3.78248;    -1.53442;    -3.18082;    -1.73242;     0.64844;    0.590177;    -23.9191;    -3.78248; 
   -3.80137;    -1.58072;    -3.21556;     -1.8263;    0.650944;     0.60081;    -26.3717;     noimage; 
   -3.81792;     -1.6279;    -3.22996;    -1.87167;     0.65237;    0.601937;     -26.895;     noimage; 
   -3.83209;    -1.67585;    -3.24296;    -1.91942;    0.653278;    0.602221;    -27.4317;     noimage; 
   -3.84385;    -1.72445;     -3.2539;    -1.97114;    0.656588;    0.605191;    -27.8157;     noimage; 
   -3.85316;    -1.77357;    -3.26142;    -2.01949;     0.66208;    0.608297;    -27.6932;     noimage; 
   -3.86001;     -1.8231;    -3.26642;    -2.06472;    0.664356;    0.607871;    -27.7864;     noimage; 
   -3.86437;    -1.87291;    -3.26955;     -2.1185;    0.668798;     0.60818;    -27.6468;     noimage; 
   -3.86624;    -1.92287;    -3.26978;    -2.17168;    0.673899;    0.609547;     -27.535;     noimage; 
   -3.86561;    -1.97287;     -3.2675;    -2.21935;    0.678989;    0.610143;    -27.2902;     noimage; 
   -3.86248;    -2.02277;    -3.26288;    -2.26728;    0.684555;    0.611312;    -27.0355;     noimage; 
   -3.85686;    -2.07246;    -3.25493;    -2.32028;      0.6913;    0.611764;     -26.664;     noimage; 
   -3.84877;     -2.1218;    -3.24644;    -2.36333;    0.697247;    0.613027;    -26.3954;     noimage; 
   -3.83822;    -2.17067;    -3.09197;    -2.45662;    0.720328;    0.578565;    -33.0279;    -3.83822; 
   -3.82524;    -2.21896;    -3.05923;    -2.55384;    0.748829;    0.579498;    -32.0262;     noimage; 
   -3.80986;    -2.26653;    -3.04114;    -2.59598;    0.763526;    0.579035;     -31.482;     noimage; 
    -3.7933;    -2.31371;    -3.01935;    -2.64376;    0.781254;    0.577608;    -30.8226;     noimage; 
   -3.77674;    -2.36089;    -2.99834;    -2.68978;    0.798109;    0.577112;    -30.2696;     noimage; 
   -3.76018;    -2.40807;    -2.97697;    -2.73672;    0.817311;    0.576692;    -29.6135;     noimage; 
   -3.74362;    -2.45524;    -2.95624;    -2.78254;    0.834797;    0.577345;    -29.1101;     noimage; 
   -3.72705;    -2.50242;    -2.93682;    -2.82574;    0.853664;    0.576402;    -28.4875;     noimage; 
   -3.71049;     -2.5496;    -2.91613;    -2.87199;    0.873297;    0.576429;    -27.9105;     noimage; 
   -3.69393;    -2.59677;    -2.89559;    -2.91756;    0.893171;    0.575508;     -27.326;     noimage; 
   -3.67737;    -2.64395;    -2.87476;    -2.96384;    0.913724;    0.575175;     -26.749;     noimage; 
   -3.66081;    -2.69113;     -2.8647;    -2.97235;    0.875449;    0.567259;    -27.2338;    -3.66081; 
   -3.64425;    -2.73831;    -2.82616;    -3.06219;    0.899969;    0.567057;    -26.5401;     noimage; 
   -3.62768;    -2.78548;    -2.80628;    -3.10852;    0.912072;    0.565939;    -26.2368;     noimage; 
   -3.61112;    -2.83266;    -2.78648;    -3.15412;    0.924096;    0.565641;    -25.9609;     noimage; 
   -3.59456;    -2.87984;    -2.76531;    -3.20292;    0.938531;    0.565675;    -25.5793;     noimage; 
     -3.578;    -2.92702;    -2.74677;    -3.24594;    0.951475;    0.564275;    -25.2372;     noimage; 
   -3.56144;    -2.97419;    -2.72577;    -3.29405;    0.967179;     0.56285;    -24.7801;     noimage; 
    -3.5437;    -3.02094;    -2.70632;    -3.33553;    0.980106;    0.561152;    -24.4524;     noimage; 
   -3.52365;    -3.06675;    -2.68385;    -3.37885;    0.994054;     0.56112;    -24.1016;     noimage; 
   -3.50134;    -3.11149;    -2.65694;    -3.42491;     1.00884;    0.561184;    -23.7802;     noimage; 
   -3.47681;    -3.15506;    -2.65419;    -3.40101;    0.922816;     0.54533;    -23.0311;    -3.47681; 
   -3.45014;    -3.19736;     -2.5983;    -3.48001;    0.948609;    0.548214;    -22.3751;     noimage; 
   -3.42243;    -3.23897;    -2.56545;    -3.52199;     0.96386;    0.549856;    -21.9014;     noimage; 
   -3.39471;    -3.28058;    -2.53525;    -3.56074;    0.978667;    0.550499;    -21.4115;     noimage; 
   -3.36699;     -3.3222;    -2.50489;    -3.59963;    0.993662;    0.551667;    -20.8826;     noimage; 
   -3.33927;    -3.36381;    -2.47369;    -3.63967;     1.00893;    0.552832;     -20.464;     noimage; 
   -3.31155;    -3.40542;    -2.44088;    -3.68206;     1.02507;    0.554652;    -19.9472;     noimage; 
   -3.28383;    -3.44704;    -2.41172;    -3.71958;     1.03954;    0.556358;    -19.5328;     noimage; 
   -3.25611;    -3.48865;    -2.38267;    -3.75707;      1.0546;     0.55735;    -19.0366;     noimage; 
   -3.22736;    -3.52956;    -2.34991;      -3.797;     1.07086;    0.558719;    -18.5662;     noimage; 
    -3.1966;    -3.56898;    -2.35359;    -3.75796;    0.877517;    0.497317;    -19.4222;     -3.1966; 
   -3.16391;    -3.60681;    -2.28455;     -3.8303;    0.899852;     0.50053;    -18.7548;     noimage; 
   -3.12937;    -3.64296;    -2.24688;    -3.86448;    0.911901;    0.501269;    -18.2684;     noimage; 
   -3.09307;    -3.67734;    -2.20902;     -3.8953;    0.923711;    0.501446;    -17.7577;     noimage; 
   -3.05592;    -3.71081;    -2.17073;    -3.92511;    0.934256;    0.502745;    -17.2708;     noimage; 
   -3.01876;    -3.74427;    -2.13007;    -3.95654;    0.946195;    0.504168;    -16.7941;     noimage; 
   -2.98161;    -3.77773;    -2.09066;    -3.98699;    0.958263;      0.5052;    -16.2959;     noimage; 
   -2.94446;    -3.81119;    -2.05149;    -4.01804;    0.969025;    0.506506;    -15.6817;     noimage; 
   -2.90731;    -3.84465;    -2.01199;    -4.04896;    0.979651;    0.509192;     -15.211;     noimage; 
   -2.87015;    -3.87812;    -2.04051;    -4.02477;     0.80653;    0.436972;    -17.8133;    -2.87015; 
     -2.833;    -3.91158;    -1.96439;    -4.08731;    0.829427;    0.436539;    -16.8004;     noimage; 
   -2.79585;    -3.94504;    -1.92554;    -4.11982;    0.840836;    0.436942;    -16.3135;     noimage; 
    -2.7587;     -3.9785;    -1.88463;    -4.15392;    0.852656;    0.436736;    -15.6596;     noimage; 
   -2.72154;    -4.01196;    -1.84956;    -4.18303;    0.863193;    0.436865;    -15.1708;     noimage; 
   -2.68439;    -4.04543;    -1.81203;    -4.21434;    0.873849;    0.438057;    -14.7083;     noimage; 
   -2.64724;    -4.07889;    -1.77399;    -4.24603;    0.884299;    0.438764;    -14.1321;     noimage; 
   -2.61009;    -4.11235;    -1.73914;    -4.27463;     0.89429;    0.439651;    -13.6379;     noimage; 
   -2.57294;    -4.14581;    -1.69376;    -4.31187;    0.907406;    0.440489;     -12.944;     noimage; 
   -2.53578;    -4.17927;    -1.72965;    -4.26835;    0.601244;    0.354018;    -17.5334;    -2.53578; 
   -2.49781;     -4.2118;    -1.65453;    -4.32993;    0.614279;    0.353506;    -17.0717;     noimage; 
   -2.45825;    -4.24238;    -1.61276;    -4.36074;    0.622394;    0.352545;    -16.6869;     noimage; 
   -2.41722;    -4.27095;    -1.57415;    -4.38641;    0.629384;    0.351061;    -16.1304;     noimage; 
   -2.37481;    -4.29743;    -1.53216;    -4.41162;    0.638007;    0.349485;    -15.6515;     noimage; 
   -2.33175;    -4.32285;     -1.4877;      -4.437;    0.645154;    0.348951;    -15.2748;     noimage; 
   -2.28806;    -4.34718;    -1.44425;    -4.46026;     0.65251;    0.347727;     -14.654;     noimage; 
   -2.24322;    -4.36929;    -1.39707;    -4.48235;     0.66115;    0.346695;    -14.0244;     noimage; 
   -2.19733;    -4.38914;    -1.35209;     -4.5008;    0.668231;    0.346055;     -13.449;     noimage; 
    -2.1505;    -4.40667;    -1.30451;    -4.51762;    0.674847;    0.345759;    -12.9466;     noimage; 
   -2.10286;    -4.42183;    -1.30806;    -4.51185;    0.644106;    0.340053;    -12.7938;    -2.10286; 
   -2.05485;     -4.4358;     -1.2108;    -4.54043;    0.664856;    0.342302;    -11.5023;     noimage; 
   -2.00684;    -4.44978;    -1.16716;    -4.55198;    0.671008;    0.343901;    -11.0473;     noimage; 
   -1.95883;    -4.46375;    -1.11611;    -4.56582;    0.676666;    0.345869;    -10.4266;     noimage; 
   -1.91082;    -4.47772;    -1.06808;    -4.57915;    0.680561;    0.348621;    -10.1476;     noimage; 
   -1.86282;    -4.49169;    -1.01566;    -4.59346;    0.686146;    0.351474;    -9.52663;     noimage; 
   -1.81481;    -4.50566;   -0.969997;    -4.60588;    0.689879;    0.354388;     -9.0277;     noimage; 
   -1.76646;    -4.51842;   -0.924673;    -4.61728;    0.694404;    0.357739;    -8.55556;     noimage; 
   -1.71754;    -4.52876;   -0.876129;    -4.62711;    0.700281;    0.361414;    -7.94287;     noimage; 
   -1.66817;    -4.53664;   -0.824737;    -4.63477;    0.704381;    0.365623;    -7.35436;     noimage; 
   -1.61846;    -4.54203;   -0.824437;    -4.63464;    0.704573;    0.365851;    -7.16797;    -1.61846; 
   -1.56863;    -4.54619;   -0.725545;    -4.64338;    0.721695;     0.37562;    -5.71188;     noimage; 
   -1.51881;    -4.55034;   -0.678108;    -4.64624;    0.725584;    0.380747;    -5.10179;     noimage; 
   -1.46898;     -4.5545;   -0.627024;    -4.64956;    0.730035;     0.38653;    -4.49963;     noimage; 
   -1.41915;    -4.55865;   -0.578362;    -4.65275;     0.73628;    0.392366;     -3.8764;     noimage; 
   -1.36933;    -4.56281;   -0.527006;    -4.65626;    0.737631;    0.398964;    -3.40768;     noimage; 
    -1.3195;    -4.56696;   -0.476965;    -4.65979;    0.740075;    0.405623;     -2.8673;     noimage; 
   -1.26958;    -4.56987;   -0.427044;    -4.66193;    0.741207;    0.412534;    -2.33892;     noimage; 
   -1.21958;    -4.57028;   -0.375151;    -4.66143;    0.744951;    0.420025;    -1.56524;     noimage; 
   -1.16963;    -4.56819;   -0.328335;      -4.659;    0.743747;    0.427087;    -1.01801;     noimage; 
   -1.11984;     -4.5636;   -0.328361;    -4.65889;    0.743401;    0.427104;    -1.00781;    -1.11984; 
   -1.07018;    -4.55778;   -0.228292;    -4.64831;    0.754139;      0.4437;    0.554638;     noimage; 
   -1.02052;    -4.55195;   -0.180243;    -4.64201;    0.755896;    0.452068;     1.28393;     noimage; 
  -0.970861;    -4.54612;   -0.125838;    -4.63474;    0.757435;    0.461261;     1.76644;     noimage; 
  -0.921202;    -4.54029;  -0.0785995;    -4.62822;    0.757968;    0.470098;     2.54527;     noimage; 
  -0.871704;    -4.53323;  -0.0311756;    -4.62083;    0.758172;    0.479015;     3.16556;     noimage; 
  -0.822621;    -4.52369;   0.0167229;    -4.61116;    0.757369;    0.488244;     3.73359;     noimage; 
  -0.774076;    -4.51172;   0.0641898;    -4.59913;    0.756861;    0.497942;      4.3909;     noimage; 
   -0.72619;    -4.49734;    0.111977;    -4.58439;    0.758406;    0.508147;      5.1797;     noimage; 
  -0.679082;    -4.48058;    0.111977;    -4.58439;    0.758406;    0.508147;      5.1797;   -0.679082; 
  -0.632871;    -4.46148;    0.205456;    -4.54826;    0.759788;    0.529884;     6.93663;     noimage; 
  -0.587672;     -4.4401;    0.251673;     -4.5261;    0.757531;    0.540863;     7.51176;     noimage; 
  -0.543022;     -4.4176;    0.295869;    -4.50339;    0.755755;    0.551729;     8.08326;     noimage; 
  -0.498372;     -4.3951;    0.337558;      -4.482;    0.754109;    0.562451;     8.69676;     noimage; 
  -0.453722;     -4.3726;    0.382719;    -4.45888;    0.751538;    0.574427;     9.43802;     noimage; 
  -0.409071;     -4.3501;    0.429131;    -4.43504;    0.751868;    0.586298;       10.11;     noimage; 
  -0.364421;    -4.32759;    0.472264;    -4.41295;    0.751867;    0.597585;     10.8159;     noimage; 
  -0.319771;    -4.30509;    0.467361;     -4.4137;    0.757411;    0.587338;     10.1541;   -0.319771; 
   -0.27512;    -4.28259;    0.560124;    -4.36627;    0.762535;    0.612633;     11.6193;     noimage; 
  -0.231046;    -4.25898;    0.602093;    -4.34305;    0.763376;    0.624316;     12.0012;     noimage; 
  -0.188208;    -4.23319;    0.643783;    -4.31721;    0.762755;    0.636744;     12.2701;     noimage; 
  -0.146711;     -4.2053;    0.687729;    -4.28703;    0.762103;    0.651562;     13.2589;     noimage; 
  -0.106661;    -4.17537;    0.724121;    -4.25927;    0.763329;     0.66315;     13.5454;     noimage; 
 -0.0681562;    -4.14347;    0.762303;    -4.22691;    0.764426;    0.675999;      13.454;     noimage; 
  -0.030461;    -4.11062;    0.801147;    -4.19235;    0.767439;     0.68916;     13.3587;     noimage; 
 0.00723407;    -4.07777;    0.780675;    -4.19469;    0.807257;    0.652244;     6.55403;  0.00723407; 
  0.0449292;    -4.04492;    0.851885;    -4.13098;    0.817833;    0.677124;     5.93089;     noimage; 
  0.0826243;    -4.01207;    0.890096;    -4.09699;    0.823521;    0.688967;     4.99777;     noimage; 
   0.120319;    -3.97922;    0.927062;    -4.06447;    0.827287;    0.699648;     3.16756;     noimage; 
   0.158015;    -3.94637;    0.961121;    -4.03451;    0.831017;    0.711031;     1.85577;     noimage; 
    0.19571;    -3.91352;     1.00154;    -3.99886;    0.835282;     0.72362;   -0.183807;     noimage; 
   0.233405;    -3.88068;     1.04005;     -3.9647;    0.837634;    0.735065;    -2.84559;     noimage; 
     0.2711;    -3.84783;     1.07692;    -3.93192;    0.839515;    0.745909;    -5.68506;     noimage; 
   0.308795;    -3.81498;    0.982233;    -3.93416;     1.09005;    0.595286;     1.33241;    0.308795; 
    0.34649;    -3.78213;     1.05234;    -3.87028;     1.10138;    0.615228;    0.587598;     noimage; 
   0.384185;    -3.74928;     1.09285;    -3.83343;     1.10895;      0.6271;    0.226538;     noimage; 
    0.42188;    -3.71643;     1.13032;    -3.79919;     1.11472;    0.637002;   -0.262078;     noimage; 
   0.458742;    -3.68265;     1.16609;    -3.76492;     1.12027;     0.64683;    -0.73522;     noimage; 
    0.49387;    -3.64707;     1.19777;     -3.7317;     1.12443;      0.6546;    -1.30598;     noimage; 
   0.527176;    -3.60977;       1.234;    -3.68936;     1.13048;    0.663363;    -1.96126;     noimage; 
   0.559539;    -3.57166;     1.26282;    -3.65412;     1.13438;    0.671947;    -2.53327;     noimage; 
   0.591902;    -3.53355;     1.04517;    -3.66319;     1.04522;    0.343873;     4.31677;    0.591902; 
   0.624264;    -3.49543;      1.1069;    -3.58424;     1.05263;    0.363655;      4.3155;     noimage; 
   0.656627;    -3.45732;     1.13843;    -3.54392;     1.05649;    0.370224;     4.20775;     noimage; 
    0.68899;    -3.41921;     1.17001;     -3.5037;     1.05974;    0.377364;       4.055;     noimage; 
   0.721353;    -3.38109;     1.19798;    -3.46822;     1.06276;     0.38442;      3.9656;     noimage; 
   0.753716;    -3.34298;      1.2304;    -3.42745;     1.06723;    0.391006;     3.87901;     noimage; 
   0.786079;    -3.30487;     1.26256;    -3.38673;     1.07043;     0.39876;     3.72172;     noimage; 
   0.818442;    -3.26675;     1.29246;    -3.34862;     1.07327;    0.405514;     3.55317;     noimage; 
   0.850805;    -3.22864;     1.12653;    -3.36725;    0.810658;    0.120405;     10.9865;    0.850805; 
   0.883168;    -3.19052;     1.18865;    -3.28858;    0.805059;    0.144463;     11.6779;     noimage; 
   0.915531;    -3.15241;     1.21981;    -3.24912;    0.802641;    0.148349;     11.8383;     noimage; 
   0.947893;     -3.1143;     1.25069;    -3.20962;    0.800103;    0.154815;     12.1027;     noimage; 
   0.980256;    -3.07618;     1.28209;    -3.16943;    0.797624;    0.157817;     12.2284;     noimage; 
    1.01262;    -3.03807;     1.31153;    -3.13213;    0.795193;    0.161742;     12.3871;     noimage; 
    1.04498;    -2.99996;     1.34385;    -3.09151;    0.792788;     0.16585;     12.6263;     noimage; 
    1.07734;    -2.96184;     1.23708;    -3.10341;    0.126397;   0.0944777;     35.1156;     1.07734; 
    1.10971;    -2.92373;     1.29798;    -3.02672;    0.118136;   0.0979931;     38.0071;     noimage; 
    1.14207;    -2.88562;     1.32967;    -2.98703;    0.116865;   0.0981047;     38.3674;     noimage; 
    1.17443;     -2.8475;     1.36096;    -2.94791;    0.114704;   0.0988068;     39.0921;     noimage; 
     1.2068;    -2.80939;     1.39179;    -2.90923;    0.112948;   0.0993636;     39.6845;     noimage; 
    1.23916;    -2.77128;     1.42174;    -2.87159;    0.111732;   0.0994422;     40.0597;     noimage; 
    1.27152;    -2.73316;     1.45577;    -2.82897;    0.110204;   0.0998941;     40.6058;     noimage; 
    1.30389;    -2.69505;     1.48625;    -2.79109;       0.109;    0.100414;     41.0838;     noimage; 
    1.33625;    -2.65693;     1.48451;    -2.78956;   0.0459268;   0.0412917;     47.3238;     1.33625; 
    1.36861;    -2.61882;     1.54909;    -2.70869;   0.0507501;   0.0418434;     47.9171;     noimage; 
    1.40097;    -2.58071;     1.57594;    -2.67519;   0.0515075;   0.0420591;     47.9712;     noimage; 
    1.43237;     -2.5418;     1.60937;    -2.63139;   0.0532625;    0.042471;     48.1095;     noimage; 
    1.46179;    -2.50137;     1.63647;    -2.59198;   0.0556363;   0.0434816;      48.292;     noimage; 
    1.48915;    -2.45951;     1.66382;    -2.54737;   0.0591959;    0.045637;     48.5249;     noimage; 
    1.51545;    -2.41699;     1.68839;     -2.5053;   0.0630881;   0.0483623;     48.7418;     noimage; 
    1.54176;    -2.37447;     1.69053;    -2.49843;   0.0513578;   0.0303817;       49.45;     1.54176; 
    1.56806;    -2.33195;     1.74052;     -2.4114;   0.0684158;   0.0361986;     50.7896;     noimage; 
    1.59436;    -2.28943;     1.76499;    -2.36882;    0.071112;   0.0373669;     50.9528;     noimage; 
    1.62067;    -2.24691;     1.78951;    -2.32637;   0.0749223;    0.038702;     51.1912;     noimage; 
    1.64697;    -2.20438;     1.81265;    -2.28594;   0.0785334;   0.0402706;     51.4177;     noimage; 
    1.67328;    -2.16186;     1.83874;    -2.24052;   0.0828041;   0.0419764;     51.6784;     noimage; 
    1.69958;    -2.11934;     1.86313;    -2.19857;   0.0856834;   0.0430659;      51.821;     noimage; 
    1.72588;    -2.07682;     1.89206;    -2.14855;   0.0894269;   0.0447619;     52.0216;     noimage; 
    1.75219;     -2.0343;     1.89365;    -2.14811;   0.0726566;    0.040396;     51.1213;     1.75219; 
    1.77849;    -1.99177;     1.94027;    -2.06741;   0.0854468;   0.0436215;     51.9901;     noimage; 
     1.8048;    -1.94925;     1.96769;    -2.02018;   0.0895539;   0.0446706;     52.2074;     noimage; 
     1.8311;    -1.90673;     1.99169;    -1.97883;   0.0930335;   0.0458129;     52.3962;     noimage; 
     1.8574;    -1.86421;     2.01516;    -1.93818;   0.0951113;   0.0466055;     52.4798;     noimage; 
    1.88371;    -1.82169;     2.03983;    -1.89524;   0.0978021;   0.0476303;     52.6033;     noimage; 
    1.91001;    -1.77917;     2.06651;    -1.84892;    0.101739;   0.0491476;     52.8153;     noimage; 
    1.93631;    -1.73664;     2.09231;    -1.80452;    0.104487;   0.0502517;     52.9353;     noimage; 
    1.96262;    -1.69412;     2.09746;    -1.79529;   0.0808024;   0.0451481;     51.7961;     1.96262; 
    1.98892;     -1.6516;     2.14807;    -1.70808;   0.0956783;   0.0477656;     52.7275;     noimage; 
    2.01523;    -1.60908;     2.17099;    -1.66882;   0.0978542;   0.0484795;     52.8293;     noimage; 
    2.04153;    -1.56656;     2.19735;    -1.62397;    0.100968;   0.0492477;     52.9662;     noimage; 
    2.06783;    -1.52403;     2.22269;     -1.5805;    0.102704;   0.0499633;      53.029;     noimage; 
    2.09414;    -1.48151;     2.24777;    -1.53747;    0.105743;   0.0508633;     53.1687;     noimage; 
    2.12044;    -1.43899;     2.27296;    -1.49462;    0.108685;   0.0516127;      53.282;     noimage; 
    2.14675;    -1.39647;     2.29889;    -1.45091;    0.111013;   0.0524027;     53.3648;     noimage; 
    2.17305;    -1.35395;     2.29367;    -1.44167;   0.0757605;   0.0430335;     53.3833;     2.17305; 
    2.19935;    -1.31143;     2.34495;    -1.35398;   0.0936551;   0.0442962;     54.6894;     noimage; 
    2.22566;     -1.2689;     2.36989;     -1.3112;   0.0975267;   0.0445738;     54.8983;     noimage; 
    2.25196;    -1.22638;     2.39243;    -1.27273;   0.0992819;   0.0446687;     54.9556;     noimage; 
    2.27826;    -1.18386;     2.41898;    -1.22697;    0.103401;   0.0449935;     55.1546;     noimage; 
    2.30457;    -1.14134;     2.44524;    -1.18139;    0.108009;   0.0453128;     55.3501;     noimage; 
    2.33087;    -1.09882;     2.46908;    -1.14062;    0.111055;    0.045599;     55.4682;     noimage; 
    2.35718;    -1.05629;     2.49335;    -1.09932;    0.113728;   0.0456977;     55.5075;     noimage; 
    2.38348;    -1.01377;     2.51935;    -1.05512;     0.11673;   0.0460302;     55.6077;     noimage; 
    2.40978;    -0.97125;     2.52278;     -1.0457;   0.0937242;   0.0447361;     55.4431;     2.40978; 
    2.43609;   -0.928729;     2.57427;   -0.957843;    0.109825;   0.0452304;     56.1914;     noimage; 
    2.46239;   -0.886207;     2.59882;   -0.916094;    0.111797;    0.045248;     56.2211;     noimage; 
     2.4887;   -0.843685;     2.62524;    -0.87085;    0.116022;   0.0453912;     56.3499;     noimage; 
      2.515;   -0.801163;     2.64926;   -0.829854;    0.118184;    0.045514;     56.3949;     noimage; 
     2.5413;   -0.758641;     2.67516;   -0.785749;    0.121785;   0.0457275;     56.4824;     noimage; 
    2.56761;   -0.716119;      2.6981;   -0.746105;    0.124386;   0.0459231;     56.5274;     noimage; 
    2.59391;   -0.673598;     2.72514;   -0.699906;    0.128874;   0.0464276;     56.6778;     noimage; 
    2.62022;   -0.631076;     2.75084;   -0.656147;    0.131705;    0.046883;     56.7419;     noimage; 
    2.64652;   -0.588554;     2.75158;   -0.655613;    0.109424;   0.0441949;      56.394;     2.64652; 
    2.67282;   -0.546032;     2.80097;   -0.572109;    0.121423;   0.0444395;      56.706;     noimage; 
    2.69913;    -0.50351;     2.82845;   -0.525553;    0.124565;   0.0446244;     56.7622;     noimage; 
    2.72543;   -0.460988;     2.85349;   -0.482975;    0.125788;   0.0447387;     56.7294;     noimage; 
    2.75173;   -0.418467;     2.87824;   -0.441091;    0.128354;     0.04501;     56.7696;     noimage; 
    2.77804;   -0.375945;     2.90286;   -0.399527;    0.130645;   0.0453344;     56.8073;     noimage; 
    2.80434;   -0.333423;     2.92804;   -0.357383;    0.133837;    0.045767;     56.8833;     noimage; 
    2.83065;   -0.290901;     2.95322;   -0.314949;    0.135515;   0.0462221;     56.9121;     noimage; 
    2.85695;   -0.248379;      2.9798;   -0.270097;    0.137662;   0.0466529;     56.8907;     noimage; 
    2.88325;   -0.205857;     3.00639;   -0.225362;    0.139154;   0.0471292;      56.857;     noimage; 
    2.90956;   -0.163336;     3.00877;   -0.219517;    0.108345;   0.0435975;     56.3201;     2.90956; 
    2.93586;   -0.120814;     3.05734;   -0.137249;    0.119043;      0.0438;     56.5525;     noimage; 
    2.96217;   -0.078292;     3.08453;  -0.0915456;    0.122545;   0.0439914;     56.6217;     noimage; 
    2.98847;  -0.0357701;     3.11048;  -0.0484377;     0.12608;   0.0442389;     56.7023;     noimage; 
    3.01477;  0.00675169;     3.13398; -0.00930953;    0.127862;   0.0444265;     56.7052;     noimage; 
    3.04108;   0.0492735;     3.15997;   0.0343462;    0.131278;   0.0447763;     56.7893;     noimage; 
    3.06738;   0.0917954;     3.18749;   0.0800397;    0.134146;     0.04503;     56.7767;     noimage; 
    3.09369;    0.134317;     3.21282;    0.121908;    0.138024;   0.0454937;     56.8821;     noimage; 
    3.11999;    0.176839;     3.23837;    0.164199;    0.139884;   0.0459431;     56.9025;     noimage; 
    3.14629;    0.219361;     3.26435;    0.207209;    0.143393;   0.0464702;     56.9491;     noimage; 
     3.1726;    0.261883;     3.26209;    0.211014;    0.111421;   0.0427137;     56.9746;      3.1726; 
     3.1989;    0.304405;     3.31205;    0.295403;    0.126875;   0.0429537;     57.4531;     noimage; 
     3.2252;    0.346926;      3.3395;    0.341596;    0.130228;   0.0429295;     57.4684;     noimage; 
    3.25151;    0.389448;     3.36333;    0.381869;    0.133117;   0.0430345;     57.5434;     noimage; 
    3.27781;     0.43197;     3.39025;    0.427136;    0.135305;   0.0431719;     57.5822;     noimage; 
    3.30412;    0.474492;     3.41733;     0.47224;    0.138375;   0.0433272;     57.5957;     noimage; 
    3.33042;    0.517014;     3.44189;     0.51291;    0.140402;    0.043511;     57.6077;     noimage; 
    3.35672;    0.559535;     3.46863;    0.557134;    0.142825;   0.0437384;     57.6036;     noimage; 
    3.38303;    0.602057;     3.49206;    0.596536;    0.145758;   0.0440326;     57.6598;     noimage; 
    3.40933;    0.644579;     3.51863;    0.641584;    0.146695;   0.0443442;     57.6299;     noimage; 
    3.43564;    0.687101;     3.52066;    0.643932;    0.120499;   0.0415477;     57.9407;     3.43564; 
    3.46194;    0.729623;     3.57306;    0.731097;    0.134403;   0.0416124;     58.1094;     noimage; 
    3.48824;    0.772145;     3.59689;    0.770042;    0.136965;   0.0416989;     58.1246;     noimage; 
    3.51455;    0.814666;     3.62584;    0.817011;    0.140714;   0.0418707;     58.1139;     noimage; 
    3.54085;    0.857188;     3.64907;    0.855031;    0.142572;   0.0420678;     58.1209;     noimage; 
    3.56715;     0.89971;     3.67574;    0.899299;    0.145342;   0.0423488;     58.1069;     noimage; 
    3.59346;    0.942232;     3.69976;    0.938803;     0.14781;    0.042708;     58.1313;     noimage; 
    3.61976;    0.984754;     3.72784;    0.984892;    0.151286;   0.0431884;     58.1597;     noimage; 
    3.64607;     1.02728;     3.75475;     1.02903;    0.155546;   0.0437241;     58.1967;     noimage; 
    3.67237;      1.0698;     3.77917;     1.06868;    0.157159;   0.0442827;     58.2084;     noimage; 
    3.69867;     1.11232;     3.80904;     1.11736;    0.161555;   0.0450696;     58.2589;     noimage; 
    3.72498;     1.15484;     3.80191;     1.11748;     0.12149;   0.0401896;     58.6448;     3.72498; 
    3.75128;     1.19736;     3.84981;     1.19748;    0.130698;   0.0398495;     58.6497;     noimage; 
    3.77759;     1.23988;     3.87672;      1.2424;    0.133104;   0.0396942;     58.6533;     noimage; 
    3.80389;     1.28241;     3.90315;     1.28629;    0.136417;   0.0395744;     58.6498;     noimage; 
    3.83019;     1.32493;     3.92834;     1.32805;    0.139081;   0.0394897;     58.6905;     noimage; 
     3.8565;     1.36745;     3.95453;     1.37193;    0.142591;   0.0394508;     58.7249;     noimage; 
     3.8828;     1.40997;     3.97812;     1.41075;    0.144543;   0.0394391;     58.7134;     noimage; 
    3.90911;     1.45249;      4.0071;     1.45827;    0.148692;   0.0394889;     58.7393;     noimage; 
    3.93541;     1.49502;     4.03174;     1.49943;    0.151356;   0.0396008;     58.7415;     noimage; 
    3.96171;     1.53754;     4.05668;     1.54102;    0.154765;   0.0398192;     58.7753;     noimage; 
    3.98802;     1.58006;      4.0839;     1.58616;    0.157136;   0.0401395;       58.77;     noimage; 
    4.01432;     1.62258;     4.08063;     1.58525;    0.124501;   0.0388401;     59.5012;     4.01432; 
    4.04062;      1.6651;     4.13218;     1.67047;     0.13728;   0.0385279;     59.4553;     noimage; 
    4.06693;     1.70762;     4.15735;     1.71171;     0.14073;   0.0384119;     59.5149;     noimage; 
    4.09323;     1.75015;     4.18354;     1.75497;     0.14322;   0.0383637;     59.4783;     noimage; 
    4.11954;     1.79267;     4.20995;     1.79881;    0.146906;   0.0383384;     59.5011;     noimage; 
    4.14584;     1.83519;     4.23524;      1.8403;    0.150428;   0.0383233;     59.5661;     noimage; 
    4.17214;     1.87771;     4.26157;     1.88315;    0.153836;   0.0383935;     59.5762;     noimage; 
    4.19845;     1.92023;     4.28905;     1.92854;    0.158003;   0.0385186;     59.6278;     noimage; 
    4.22475;     1.96276;     4.31458;     1.97038;    0.160266;    0.038727;     59.6291;     noimage; 
    4.25106;     2.00528;     4.33954;     2.01085;    0.163379;   0.0390064;     59.6363;     noimage; 
    4.27736;      2.0478;     4.36651;     2.05507;    0.166112;   0.0394039;     59.6475;     noimage; 
    4.30366;     2.09032;     4.39358;     2.09919;    0.168781;   0.0398992;     59.6337;     noimage; 
    4.32997;     2.13284;     4.35445;     2.04146;    0.127329;   0.0485471;     62.9804;     4.32997; 
    4.35627;     2.17537;     4.40636;     2.12623;    0.142875;    0.051589;     62.2123;     noimage; 
    4.38257;     2.21789;     4.43198;     2.16834;      0.1469;   0.0530691;      62.179;     noimage; 
    4.40888;     2.26041;     4.45648;     2.20886;    0.151108;   0.0545481;      62.154;     noimage; 
    4.43518;     2.30293;     4.48252;     2.25174;    0.156932;     0.05596;     62.2949;     noimage; 
    4.46149;     2.34545;     4.51038;      2.2974;     0.16131;   0.0578978;     62.1634;     noimage; 
    4.48779;     2.38797;     4.53505;     2.33764;    0.163485;   0.0596453;     62.1282;     noimage; 
    4.51409;      2.4305;     4.56018;     2.37853;    0.165932;   0.0615102;     62.0582;     noimage; 
     4.5404;     2.47302;     4.58788;     2.42407;    0.169558;   0.0635792;     62.0064;     noimage; 
     4.5667;     2.51554;     4.61364;     2.46649;     0.17381;   0.0654934;     61.9941;     noimage; 
    4.59301;     2.55806;      4.6419;     2.51246;    0.177006;   0.0677598;     61.9148;     noimage; 
    4.61931;     2.60058;     4.66626;      2.5518;     0.18074;   0.0695541;     61.9762;     noimage; 
    4.64561;     2.64311;     4.69137;     2.59244;    0.184144;   0.0715468;     61.9675;     noimage; 
    4.67192;     2.68563;     4.69137;     2.59244;    0.184144;   0.0715468;     61.9675;     4.67192; 
    4.69822;     2.72815;     4.74382;     2.67738;    0.194328;   0.0761474;     61.6391;     noimage; 
    4.72345;     2.77131;     4.76795;     2.71848;    0.197227;   0.0782485;     61.6312;     noimage; 
     4.7465;     2.81569;     4.79173;     2.76456;    0.201518;   0.0805709;     61.6906;     noimage; 
     4.7673;     2.86116;     4.81363;     2.81293;    0.206587;    0.083334;      61.896;     noimage; 
    4.78579;     2.90761;     4.83039;     2.85486;    0.211309;   0.0860431;     62.1054;     noimage; 
    4.80195;     2.95493;     4.84785;     2.90596;    0.218544;   0.0900887;     62.4635;     noimage; 
    4.81691;     3.00264;     4.86273;     2.95346;    0.222783;   0.0940804;     62.6825;     noimage; 
    4.83188;     3.05034;     4.87648;     2.99742;    0.228589;   0.0983053;     62.9753;     noimage; 
    4.84685;     3.09805;     4.89232;     3.04815;    0.235285;    0.103368;     63.2722;     noimage; 
    4.86181;     3.14576;     4.90671;     3.09375;    0.240806;    0.108275;     63.5296;     noimage; 
    4.87678;     3.19347;     4.92232;     3.14299;    0.247798;    0.113572;     63.7923;     noimage; 
    4.89174;     3.24117;     4.92232;     3.14299;    0.247798;    0.113572;     63.7923;     4.89174; 
    4.90671;     3.28888;     4.95196;      3.2372;    0.271659;    0.125123;     64.7936;     noimage; 
    4.92168;     3.33659;     4.96755;     3.28686;    0.278293;    0.131171;     65.0309;     noimage; 
    4.93545;     3.38466;     4.98193;     3.33634;     0.28613;    0.137141;     65.2722;     noimage; 
    4.94679;     3.43335;     4.99368;     3.38608;    0.291716;    0.143663;     65.5298;     noimage; 
     4.9557;     3.48255;     5.00262;     3.43546;    0.298409;    0.150296;     65.7903;     noimage; 
    4.96213;     3.53214;     5.00881;     3.48207;    0.305848;    0.156725;     66.0854;     noimage; 
    4.96607;     3.58198;     5.01307;     3.53146;    0.313055;    0.164862;      66.453;     noimage; 
    4.96752;     3.63196;     5.01474;     3.58479;    0.320828;    0.173556;      66.829;     noimage; 
    4.96647;     3.68195;     5.01368;     3.63222;      0.3267;     0.18109;     67.0685;     noimage; 
    4.96292;     3.73182;     5.01039;       3.682;    0.332188;    0.189481;     67.2773;     noimage; 
    4.95689;     3.78146;     5.00457;     3.73225;    0.340742;    0.199046;     67.7043;     noimage; 
    4.94838;     3.83073;     4.99585;     3.78296;    0.346302;    0.207731;      67.843;     noimage; 
    4.93742;     3.87951;     4.99585;     3.78296;    0.346302;    0.207731;      67.843;     4.93742; 
    4.92403;     3.92769;     4.97194;     3.87765;    0.372238;    0.232402;     69.5116;     noimage; 
    4.90825;     3.97513;     4.95643;      3.9244;    0.374949;    0.241786;     69.3896;     noimage; 
    4.89013;     4.02173;     4.93846;     3.97111;    0.378803;    0.251222;     69.3148;     noimage; 
    4.86969;     4.06736;     4.91913;     4.01493;    0.384007;    0.260342;     69.3515;     noimage; 
      4.847;     4.11192;     4.89328;     4.02143;    0.420637;    0.225456;     89.5518;       4.847; 
      4.847;     4.11192;     4.86911;     4.06647;    0.420224;    0.229078;    -88.6884;     noimage; 
