73237 0.0166693
300112 0.0191673
366581 0.102759
398955 0.104981
429446 0.0137654
430076 0.0421507
439588 0.0106171
513564 0.0196521
520670 0.0103891
559681 0.0278464
620162 0.0924288
623943 0.0755785
623944 0.0342311
639569 0.0477814
654819 0.0117766
655576 0.0121246
728303 0.0358885
732485 0.0284243
764299 0.0187728
774166 0.0283697
790361 0.0774676
826709 0.0171762
836031 0.0126832
842423 0.012997
849609 0.0114271
851219 0.0836655
854139 0.0428298
872571 0.0375426
884698 0.0247689
884757 0.0131538
885949 0.0101194
911232 0.0138278
915250 0.0196229
932802 0.0166376
945868 0.104104
947632 0.0118081
949776 0.0656139
956174 0.0121636
1004491 0.0110288
1006349 0.013726
1006979 0.132521
1021973 0.0113368
1036117 0.0287296
1037597 0.017725
1054888 0.0368873
1066483 0.107958
1067586 0.0157269
1069224 0.0172521
1075427 0.0331653
1083210 0.0577739
1085753 0.0211588
1092437 0.0104339
1113635 0.0177887
1115617 0.220464
1125131 0.047171
1127089 0.016107
1127215 0.0146601
1130635 0.0115424
1132753 0.0602065
1138745 0.0194313
1144013 0.0259609
1153294 0.0199963
1155126 0.049014
1157581 0.0117541
1175014 0.0129326
1175262 0.0133893
1191262 0.0600712
1205558 0.0137897
1208476 0.013106
1220947 0.0184474
1221121 0.174025
1230736 0.020443
1236073 0.114535
1237500 0.0179625
1241495 0.0252877
1249232 0.0140568
1251574 0.0512568
1252189 0.0745591
1252328 0.0179226
1256971 0.0178446
1264729 0.197916
1266440 0.0172356
1268444 0.0171359
1271646 0.0103612
1276089 0.0127291
1294541 0.0250042
1297413 0.0579862
1311168 0.0248164
1312940 0.0104773
1313471 0.0330232
1323328 0.0314053
1327538 0.101133
1330221 0.0189728
1357787 0.0101479
1358161 0.0148334
1377944 0.117547
1384253 0.0129464
1390962 0.0385022
1398430 0.0251862
1413985 0.0395361
1420171 0.0314822
1435393 0.245139
1435770 0.0139751
1437203 0.0101634
1437790 0.0309493
1443973 0.010315
1444420 0.0218444
1450631 0.0192892
1453961 0.0797091
1455983 0.0325225
1466937 0.0615208
1474590 0.0498339
1486101 0.0553953
1499087 0.0233149
1501969 0.0358412
1504154 0.0222098
1517598 0.010883
1529454 0.0130223
1532334 0.118648
1548675 0.168637
1580251 0.0139605
1589653 0.0187562
1594034 0.0236192
1609406 0.0164369
1610109 0.0172817
1635097 0.0186659
1640863 0.0107637
1654765 0.098879
1690301 0.0704023
1701211 0.0321345
1713513 0.012921
1719570 0.0170659
1735000 0.0138074
1781524 0.0266186
1789741 0.013853
