   trueRobX;    trueRobY;  trueRobPsi;       meanX;       meanY;        varX;        varY;     Observe; 
       0.75;           0;    0.757227; -0.00177016;    0.204001;  0.00680797;   0.0995783;     noimage; 
        0.8;           0;     0.80597; -0.00205849;     0.20767;  0.00752214;    0.155457;     noimage; 
       0.85;           0;    0.852703; -0.00227324;    0.215816;  0.00832077;    0.213236;     noimage; 
        0.9;           0;    0.905155; -0.00260256;    0.222485;  0.00935392;    0.248132;     noimage; 
       0.95;           0;    0.954848; -0.00295625;    0.229935;   0.0104173;     0.27992;     noimage; 
          1;           0;     1.00435; -0.00319089;    0.235906;   0.0115306;    0.318997;     noimage; 
       1.05;           0;     1.05518; -0.00347887;    0.244668;   0.0127715;    0.324806;     noimage; 
        1.1;           0;     1.10212; -0.00373667;     0.25024;     0.01395;    0.341983;     noimage; 
       1.15;           0;     1.15604; -0.00400027;    0.259801;    0.015329;     0.34215;     noimage; 
        1.2;           0;      1.2037; -0.00427956;    0.265396;   0.0165728;    0.348064;     noimage; 
       1.25;           0;     1.25782; -0.00444026;    0.273147;   0.0180099;    0.354293;     noimage; 
        1.3;           0;     1.30669; -0.00453578;    0.279823;   0.0193399;    0.355924;     noimage; 
       1.35;           0;     1.35564; -0.00488839;    0.284284;   0.0207092;    0.341649;     noimage; 
        1.4;           0;     1.40633;  -0.0054278;    0.288737;   0.0221255;     0.34284;     noimage; 
       1.45;           0;     1.45825; -0.00589157;    0.296995;   0.0236114;    0.318131;     noimage; 
        1.5;           0;     1.50508; -0.00605345;    0.302934;   0.0249324;    0.333106;     noimage; 
       1.55;           0;     1.55639; -0.00622685;    0.306843;   0.0263959;    0.365467;     noimage; 
        1.6;           0;     1.60754; -0.00656581;    0.313734;     0.02789;    0.354186;     noimage; 
       1.65;           0;     1.65863; -0.00678001;    0.319189;   0.0293927;    0.358201;     noimage; 
        1.7;           0;     1.70832; -0.00698503;    0.325201;   0.0308924;    0.346801;     noimage; 
       1.75;           0;     1.75837; -0.00704321;    0.330659;   0.0324038;    0.383374;     noimage; 
        1.8;           0;     1.80716; -0.00691158;    0.336008;    0.033938;    0.386558;     noimage; 
       1.85;           0;     1.85461; -0.00682803;    0.341263;   0.0354526;    0.388805;     noimage; 
        1.9;           0;      1.9071; -0.00683928;    0.347782;   0.0371403;    0.398959;     noimage; 
       1.95;           0;     1.95676; -0.00685474;    0.353115;   0.0387925;    0.379542;     noimage; 
          2;           0;     2.00835;  -0.0069042;    0.357931;   0.0405235;    0.381576;     noimage; 
       2.05;           0;     2.05735; -0.00710333;    0.363182;   0.0421955;    0.377786;     noimage; 
        2.1;           0;     2.10663; -0.00712819;    0.368363;   0.0438832;    0.377868;     noimage; 
       2.15;           0;       2.157; -0.00718622;    0.372686;   0.0456282;    0.395639;     noimage; 
        2.2;           0;     2.20519; -0.00767599;    0.377563;   0.0473265;    0.399912;     noimage; 
       2.25;           0;     2.26105; -0.00837944;    0.384704;   0.0493405;    0.398273;     noimage; 
        2.3;           0;     2.30732; -0.00867968;    0.388259;   0.0510214;    0.438107;     noimage; 
       2.35;           0;      2.3579; -0.00884906;    0.392899;   0.0529247;    0.427017;     noimage; 
        2.4;           0;     2.40737; -0.00928421;    0.397236;   0.0548162;    0.419476;     noimage; 
       2.45;           0;     2.45732; -0.00993499;    0.402309;   0.0567418;     0.41023;     noimage; 
        2.5;           0;     2.50781;  -0.0102908;    0.407293;   0.0587446;    0.378068;     noimage; 
       2.55;           0;     2.55526;  -0.0103926;    0.411771;   0.0606261;    0.360789;     noimage; 
        2.6;           0;     2.60796;  -0.0109264;     0.41682;   0.0627991;    0.318415;     noimage; 
       2.65;           0;     2.65588;  -0.0114175;    0.421289;   0.0647382;     0.32153;     noimage; 
        2.7;           0;     2.70237;   -0.011575;    0.425104;    0.066626;    0.345738;     noimage; 
       2.75;           0;     2.75429;  -0.0116668;    0.430771;   0.0687905;    0.341002;     noimage; 
        2.8;           0;     2.80685;  -0.0118035;    0.434304;    0.071041;    0.340099;     noimage; 
       2.85;           0;     2.85811;  -0.0120538;    0.437014;   0.0733332;    0.323302;     noimage; 
        2.9;           0;     2.90542;  -0.0121761;    0.438656;   0.0754056;    0.389936;     noimage; 
       2.95;           0;      2.9497; -0.00569585;    0.224151;    0.047978;     1.20025;        2.95; 
          3;           0;     2.99555; -0.00566768;    0.231028;   0.0487138;     1.15778;     noimage; 
       3.05;           0;     3.04303; -0.00541148;    0.238133;      0.0495;     1.14651;     noimage; 
        3.1;           0;     3.09771; -0.00515179;    0.248811;   0.0504283;     1.18601;     noimage; 
       3.15;           0;     3.14187; -0.00508671;    0.254764;   0.0512261;     1.19049;     noimage; 
        3.2;           0;     3.19274; -0.00516103;     0.25987;   0.0522229;     1.08269;     noimage; 
       3.25;           0;     3.24637; -0.00520069;    0.268899;   0.0532656;     1.09669;     noimage; 
        3.3;           0;     3.29166; -0.00513634;    0.275927;   0.0541714;      1.1427;     noimage; 
       3.35;           0;     3.34412;  -0.0051525;    0.282341;   0.0552951;     1.11655;     noimage; 
        3.4;           0;     3.39424; -0.00523529;    0.290208;   0.0564303;     1.02819;     noimage; 
       3.45;           0;     3.44523; -0.00531717;    0.296437;   0.0576327;    0.934186;     noimage; 
        3.5;           0;     3.49688; -0.00549655;    0.302069;   0.0588504;    0.912088;     noimage; 
       3.55;           0;     3.54625; -0.00549552;    0.307666;    0.060072;    0.824137;     noimage; 
        3.6;           0;     3.59862; -0.00534933;    0.313127;   0.0613464;    0.841911;     noimage; 
       3.65;           0;     3.64522; -0.00538342;    0.318582;   0.0625219;    0.887948;     noimage; 
        3.7;           0;     3.69235; -0.00528988;    0.326067;    0.063779;    0.832946;     noimage; 
       3.75;           0;       3.746; -0.00506811;    0.333126;   0.0652572;    0.842943;     noimage; 
        3.8;           0;     3.79795; -0.00495376;    0.337544;   0.0667359;    0.815185;     noimage; 
       3.85;           0;      3.8459;  -0.0049124;    0.343346;   0.0681237;      0.7655;     noimage; 
        3.9;           0;     3.89372; -0.00481928;     0.34963;   0.0695264;    0.771298;     noimage; 
       3.95;           0;     3.94372; -0.00481127;    0.354121;   0.0710067;     0.83382;     noimage; 
          4;           0;     3.99533; -0.00516904;     0.35769;    0.072638;    0.766394;     noimage; 
    4.04998; -0.00124987;     4.04602; -0.00675265;    0.365588;   0.0743031;    0.661314;     noimage; 
    4.09984; -0.00499636;     4.08982; -0.00982218;    0.367588;   0.0758905;     0.60085;     noimage; 
    4.14945;  -0.0112301;     4.14638;  -0.0165929;    0.373216;   0.0788421;    0.294159;     noimage; 
    4.19869;  -0.0199355;     4.19602;  -0.0254317;     0.37732;    0.081791;    0.091583;     noimage; 
    4.24743;  -0.0310908;     4.24181;  -0.0358894;    0.381029;   0.0849936;  -0.0960936;     noimage; 
    4.29555;  -0.0446682;     4.29441;  -0.0509132;    0.385331;   0.0900668;   -0.447241;     noimage; 
    4.34293;  -0.0606336;     4.34173;  -0.0673027;    0.387705;   0.0955092;   -0.731678;     noimage; 
    4.38946;  -0.0789472;     4.38601;   -0.084992;    0.390941;    0.101275;    -1.07415;     noimage; 
    4.43501;  -0.0995633;     4.42797;   -0.103877;    0.394734;    0.107191;    -1.44384;     noimage; 
    4.47948;    -0.12243;     4.47554;   -0.127932;    0.397783;    0.115844;     -1.8759;     noimage; 
    4.52274;   -0.147491;     4.52084;   -0.154246;    0.401442;     0.12416;    -2.26774;     noimage; 
     4.5647;   -0.174683;     4.56071;   -0.180361;     0.40686;    0.132759;    -2.90688;     noimage; 
    4.60525;   -0.203937;     4.59852;   -0.207272;    0.408997;    0.140883;    -3.12175;     noimage; 
    4.64428;   -0.235182;     4.63804;   -0.238351;    0.411485;    0.150088;    -3.32406;     noimage; 
    4.68171;   -0.268339;     4.67637;   -0.272057;    0.413648;    0.160872;    -3.51894;     noimage; 
    4.71743;   -0.303325;     4.71565;   -0.310652;    0.416996;     0.17258;    -3.78602;     noimage; 
    4.75136;   -0.340052;     4.74903;   -0.347127;    0.419544;    0.182479;    -3.77586;     noimage; 
    4.78341;   -0.378429;     4.77899;   -0.382806;    0.422444;    0.191076;    -3.66108;     noimage; 
     4.8135;    -0.41836;     4.80971;   -0.423067;    0.425817;    0.202367;    -3.67945;     noimage; 
    4.84156;   -0.459746;     4.83795;   -0.464435;    0.429436;    0.211396;    -3.43964;     noimage; 
    4.86751;   -0.502481;     4.86452;   -0.507775;    0.433388;    0.220049;    -3.11486;     noimage; 
     4.8913;   -0.546461;       4.889;   -0.552806;    0.438073;    0.231002;    -3.00113;     noimage; 
    4.91286;   -0.591574;     4.90926;     -0.5949;    0.442583;       0.239;      -2.568;     noimage; 
    4.93214;   -0.637709;     4.92491;   -0.645571;    0.360882;    0.197103;    -15.7048;     4.93214; 
    4.94908;   -0.684749;     4.94264;   -0.695378;    0.354736;    0.202389;    -16.6787;     noimage; 
    4.96485;   -0.732198;     4.95763;   -0.741302;    0.349504;    0.207925;    -17.4429;     noimage; 
    4.98062;   -0.779647;     4.97306;   -0.788719;    0.343839;    0.214649;    -18.3794;     noimage; 
    4.99638;   -0.827097;     4.98962;   -0.839789;    0.336215;    0.220683;    -19.9503;     noimage; 
    5.01215;   -0.874546;     5.00478;   -0.885909;    0.329824;    0.224989;    -21.2051;     noimage; 
    5.02791;   -0.921995;     5.02136;   -0.936352;    0.322038;    0.230358;     -22.898;     noimage; 
    5.04368;   -0.969444;     5.03565;   -0.980271;    0.315042;    0.233029;    -24.4153;     noimage; 
    5.05826;    -1.01727;     5.05028;    -1.02973;    0.307229;    0.237238;    -26.1903;     noimage; 
    5.07042;    -1.06577;     5.06235;    -1.08052;    0.299359;    0.241686;    -28.0808;     noimage; 
    5.08015;    -1.11481;     5.07078;    -1.12572;    0.294681;    0.244125;     -29.124;     noimage; 
    5.08741;    -1.16428;     5.07758;    -1.17366;    0.290536;    0.248993;    -30.4562;     noimage; 
     5.0922;    -1.21405;     5.08215;    -1.22291;    0.287124;    0.253092;    -31.6943;     noimage; 
    5.09448;      -1.264;     5.08418;    -1.27469;    0.284783;    0.258605;    -33.1185;     noimage; 
    5.09427;      -1.314;     5.08344;    -1.32854;    0.280454;     0.26382;      -35.52;     noimage; 
    5.09281;    -1.36398;     5.08161;    -1.37276;    0.279381;    0.267535;    -36.9132;     noimage; 
    5.09135;    -1.41396;     5.07968;    -1.42592;    0.281339;    0.273605;     -38.256;     noimage; 
    5.08989;    -1.46394;     5.07822;    -1.47611;    0.281789;    0.277469;     -39.893;     noimage; 
    5.08843;    -1.51392;     5.07656;    -1.52465;    0.284028;    0.282121;    -41.5381;     noimage; 
    5.08697;     -1.5639;     5.07466;    -1.57454;    0.286979;    0.286486;    -43.2029;     noimage; 
    5.08551;    -1.61387;      5.0729;    -1.62571;    0.288435;    0.288429;    -44.7904;     noimage; 
    5.08405;    -1.66385;     5.07134;    -1.67526;    0.292126;    0.291811;    -46.4556;     noimage; 
    5.08259;    -1.71383;     5.06975;    -1.72635;    0.298219;    0.296302;    -48.6458;     noimage; 
    5.08113;    -1.76381;      5.0683;    -1.77255;    0.302447;    0.299129;    -49.8618;     noimage; 
    5.07967;    -1.81379;     5.06682;     -1.8223;    0.307639;    0.302166;    -51.3172;     noimage; 
    5.07821;    -1.86377;     5.06519;    -1.87647;    0.314036;     0.30532;    -53.0309;     noimage; 
    5.07675;    -1.91375;     5.06335;      -1.925;     0.32087;    0.308771;    -54.5739;     noimage; 
    5.07529;    -1.96372;      5.0614;    -1.97311;    0.326978;    0.312885;     -55.629;     noimage; 
    5.07383;     -2.0137;     5.05941;     -2.0255;    0.335151;    0.316786;    -57.3024;     noimage; 
    5.07237;    -2.06368;     5.05764;    -2.07546;    0.339021;     0.31874;    -57.9161;     noimage; 
    5.07091;    -2.11366;     5.05601;     -2.1221;    0.346011;    0.321496;    -59.1615;     noimage; 
    5.06945;    -2.16364;     5.05417;    -2.17012;    0.350388;    0.325023;    -59.6784;     noimage; 
    5.06799;    -2.21362;     5.05204;    -2.22301;    0.355983;    0.329291;    -60.3909;     noimage; 
    5.06653;     -2.2636;     5.05015;    -2.26942;    0.360846;    0.332083;    -60.9818;     noimage; 
    5.06507;    -2.31358;     5.04814;    -2.32382;    0.368302;    0.337113;    -62.0166;     noimage; 
    5.06361;    -2.36355;     5.04656;    -2.37176;    0.372904;     0.34042;    -62.4157;     noimage; 
    5.06215;    -2.41353;     5.04466;    -2.41985;    0.380978;    0.345289;    -63.5687;     noimage; 
    5.06069;    -2.46351;     5.04264;    -2.47196;    0.388125;    0.349568;    -64.3486;     noimage; 
    5.05924;    -2.51349;     5.04117;    -2.52468;    0.393353;    0.353163;    -64.6319;     noimage; 
    5.05778;    -2.56347;     5.03956;    -2.57439;    0.399865;    0.357883;     -65.269;     noimage; 
    5.05632;    -2.61345;     5.03797;    -2.62152;    0.406121;    0.362692;    -65.8784;     noimage; 
    5.05486;    -2.66343;     5.03628;    -2.67697;    0.412189;    0.367897;    -66.2164;     noimage; 
     5.0534;    -2.71341;     5.03457;     -2.7211;    0.416371;    0.372662;    -66.4697;     noimage; 
    5.05194;    -2.76338;     5.03231;    -2.77226;    0.421024;    0.377413;    -66.5465;     noimage; 
    5.05048;    -2.81336;     5.03014;    -2.82397;    0.428613;    0.383521;    -67.3094;     noimage; 
    5.04902;    -2.86334;     5.03918;    -2.86315;    0.220602;    0.216497;    -53.4992;     5.04902; 
    5.04756;    -2.91332;     5.03772;    -2.91389;    0.231219;    0.218787;    -60.3464;     noimage; 
     5.0461;     -2.9633;     5.03629;    -2.96471;    0.242754;    0.219115;    -66.1527;     noimage; 
    5.04464;    -3.01328;     5.03477;    -3.01484;    0.253012;    0.218567;    -70.4167;     noimage; 
    5.04318;    -3.06326;     5.03329;    -3.06365;     0.26336;    0.217746;    -73.9854;     noimage; 
    5.04172;    -3.11323;     5.03182;    -3.11668;    0.275381;    0.216869;    -77.7232;     noimage; 
    5.04026;    -3.16321;     5.03036;    -3.16503;    0.284024;    0.215214;    -79.6651;     noimage; 
     5.0388;    -3.21319;     5.02859;    -3.21676;    0.293322;     0.21377;    -81.9434;     noimage; 
    5.03734;    -3.26317;     5.02704;    -3.26585;    0.302571;    0.211944;    -83.3727;     noimage; 
    5.03588;    -3.31315;     5.02574;      -3.314;    0.309619;    0.210291;     -84.789;     noimage; 
    5.03442;    -3.36313;     5.02437;    -3.36294;    0.316695;    0.208485;    -85.9144;     noimage; 
    5.03296;    -3.41311;      5.0228;    -3.41927;    0.325559;    0.206332;    -86.8666;     noimage; 
     5.0315;    -3.46309;     5.02167;    -3.46196;    0.330485;    0.204714;    -87.5684;     noimage; 
    5.03004;    -3.51306;     5.02003;    -3.51541;    0.336657;    0.202515;    -87.9123;     noimage; 
    5.02858;    -3.56304;     5.01832;    -3.56457;    0.341998;    0.200678;    -88.6065;     noimage; 
    5.02712;    -3.61302;     5.01677;    -3.61514;    0.346214;    0.198753;    -89.1734;     noimage; 
    5.02566;      -3.663;     5.01524;    -3.66346;    0.350701;    0.197058;      -89.85;     noimage; 
     5.0242;    -3.71298;     5.01364;    -3.71651;    0.358426;     0.19505;     89.9093;     noimage; 
    5.02274;    -3.76296;     5.01239;    -3.76737;    0.363084;    0.193219;     89.4671;     noimage; 
    5.02128;    -3.81294;     5.01095;     -3.8191;    0.369563;    0.191382;     89.3529;     noimage; 
    5.01982;    -3.86291;     5.00972;    -3.86648;    0.375167;    0.189749;     89.2428;     noimage; 
    5.01836;    -3.91289;     5.00815;    -3.91739;    0.380446;    0.188083;     88.8718;     noimage; 
     5.0169;    -3.96287;     5.00647;    -3.96508;    0.385522;    0.186572;     88.4941;     noimage; 
    5.01544;    -4.01285;     5.00491;    -4.01415;    0.389429;    0.185113;     88.2258;     noimage; 
    5.01398;    -4.06283;     5.00333;    -4.06483;    0.393809;    0.183617;     87.9074;     noimage; 
    5.01252;    -4.11281;     5.00159;    -4.11602;    0.399732;    0.182215;     87.7179;     noimage; 
    5.01106;    -4.16279;     4.99996;    -4.16266;    0.404272;     0.18098;      87.458;     noimage; 
     5.0096;    -4.21277;     4.99842;    -4.21634;    0.407409;    0.179679;     87.3683;     noimage; 
    5.00689;    -4.26269;     4.99586;    -4.26642;    0.410954;    0.178576;     87.2909;     noimage; 
    5.00169;    -4.31242;     4.99124;    -4.31256;     0.41318;    0.177762;     87.0217;     noimage; 
    4.99401;    -4.36183;     4.98337;    -4.36463;    0.418281;    0.177008;     86.7547;     noimage; 
    4.98387;    -4.41079;      4.9739;    -4.41147;    0.423773;    0.176534;     86.4491;     noimage; 
    4.97129;    -4.45918;     4.96193;    -4.45903;    0.427192;    0.176557;     86.1116;     noimage; 
    4.95632;    -4.50689;     4.94564;    -4.51091;    0.430217;    0.177032;     85.7721;     noimage; 
    4.93897;    -4.55378;     4.92828;    -4.55732;    0.433661;    0.178169;     85.3899;     noimage; 
    4.91931;    -4.59975;     4.91001;    -4.60005;    0.436732;    0.179428;     85.0417;     noimage; 
    4.89737;    -4.64468;     4.88658;    -4.64802;    0.436313;    0.182074;     84.7529;     noimage; 
    4.87322;    -4.68846;     4.86423;    -4.68843;    0.439704;    0.185333;     84.1284;     noimage; 
     4.8469;    -4.73098;     4.83824;    -4.73069;    0.440855;    0.189816;     83.6215;     noimage; 
     4.8185;    -4.77213;     4.80879;    -4.77362;    0.442533;    0.195616;     82.9484;     noimage; 
    4.78807;     -4.8118;     4.77846;    -4.81306;    0.443513;     0.20113;     82.5274;     noimage; 
     4.7557;    -4.84991;     4.74391;    -4.85316;     0.44454;    0.207597;     82.1548;     noimage; 
    4.72147;    -4.88635;     4.70961;    -4.88901;    0.445468;    0.214085;     81.8927;     noimage; 
    4.68545;    -4.92103;     4.67701;    -4.92045;    0.446623;    0.220516;     81.7171;     noimage; 
    4.64775;    -4.95387;     4.63791;    -4.95493;    0.448258;    0.227185;     81.6894;     noimage; 
    4.60845;    -4.98479;     4.59493;    -4.98731;    0.170132;    0.154228;     60.3874;     4.60845; 
    4.56766;     -5.0137;     4.55348;    -5.01643;    0.166627;    0.157169;     56.0446;     noimage; 
    4.52547;    -5.04054;     4.51115;    -5.04273;    0.164806;    0.159634;     52.7906;     noimage; 
      4.482;    -5.06524;     4.46793;    -5.06674;    0.164623;    0.161501;      50.881;     noimage; 
    4.43734;    -5.08773;     4.42395;    -5.08873;    0.165566;    0.165062;     47.2896;     noimage; 
    4.39162;    -5.10796;     4.37865;    -5.10868;    0.168268;     0.16825;     44.5703;     noimage; 
    4.34494;    -5.12588;     4.32726;    -5.12802;    0.174176;    0.172483;     41.0449;     noimage; 
    4.29743;    -5.14145;     4.27933;    -5.14315;    0.179635;    0.175938;     39.2323;     noimage; 
    4.24919;    -5.15462;     4.23162;     -5.1556;     0.18591;    0.179696;     37.5293;     noimage; 
    4.20036;    -5.16537;     4.18348;    -5.16572;    0.195482;    0.185044;     35.1351;     noimage; 
    4.15105;    -5.17366;     4.13495;    -5.17356;    0.203972;    0.190252;     33.3915;     noimage; 
    4.10139;    -5.17948;     4.08404;    -5.17887;    0.213884;    0.195472;     31.4534;     noimage; 
     4.0516;    -5.18405;     4.03857;    -5.18234;    0.221708;    0.200437;     30.2276;     noimage; 
    4.00181;    -5.18862;     3.98645;    -5.18647;    0.231532;     0.20697;     28.7057;     noimage; 
    3.95202;    -5.19319;     3.93569;    -5.19022;    0.242667;    0.213626;     26.9012;     noimage; 
    3.90223;    -5.19777;     3.88312;    -5.19423;    0.251314;    0.220571;     25.8423;     noimage; 
    3.85244;    -5.20234;     3.83693;    -5.19793;    0.258914;    0.227146;       24.83;     noimage; 
    3.80265;    -5.20691;     3.78244;    -5.20202;    0.269223;    0.235283;     23.4547;     noimage; 
    3.75286;    -5.21149;     3.73765;    -5.20529;    0.275038;    0.241228;     23.3252;     noimage; 
    3.70307;    -5.21606;     3.68581;     -5.2091;    0.284138;    0.249247;     22.3457;     noimage; 
    3.65328;    -5.22063;     3.63271;    -5.21316;     0.29313;    0.257406;     21.6571;     noimage; 
    3.60349;    -5.22521;       3.585;    -5.21676;    0.296744;    0.264741;     22.1308;     noimage; 
     3.5537;    -5.22978;     3.53354;    -5.22061;    0.304514;    0.273025;     21.8621;     noimage; 
    3.50391;    -5.23435;     3.48576;    -5.22454;    0.311322;    0.280803;     21.7484;     noimage; 
    3.45412;    -5.23893;     3.43667;    -5.22875;    0.317595;    0.289711;     21.3167;     noimage; 
    3.40433;     -5.2435;     3.38442;    -5.23317;    0.322312;    0.298549;     22.1479;     noimage; 
    3.35454;    -5.24807;     3.33576;     -5.2371;    0.329615;    0.307226;     22.1329;     noimage; 
    3.30475;    -5.25265;      3.2859;     -5.2412;    0.335783;    0.316098;     22.5143;     noimage; 
    3.25496;    -5.25722;     3.23903;    -5.24501;    0.340775;    0.324103;      23.869;     noimage; 
    3.20516;    -5.26179;     3.18518;    -5.24916;    0.345836;    0.332883;     26.3848;     noimage; 
    3.15537;    -5.26637;     3.13771;    -5.25309;    0.350418;    0.341258;     28.7197;     noimage; 
    3.10558;    -5.27094;     3.08675;    -5.25738;    0.355364;    0.350273;     32.0669;     noimage; 
    3.05579;    -5.27551;     3.04057;    -5.26112;     0.36064;    0.358539;     36.1225;     noimage; 
      3.006;    -5.28009;     2.98984;    -5.26542;    0.367827;    0.367275;     40.3056;     noimage; 
    2.95611;    -5.28341;     2.93962;    -5.26858;    0.375505;     0.37533;     47.7637;     noimage; 
    2.90612;    -5.28424;     2.88819;    -5.26901;    0.386313;     0.38356;     56.7287;     noimage; 
    2.85612;    -5.28382;     2.83784;     -5.2681;    0.399362;    0.390642;     67.3185;     noimage; 
    2.80612;     -5.2834;       2.785;    -5.26718;    0.410993;    0.396058;     72.7368;     noimage; 
    2.75613;    -5.28298;     2.74003;    -5.26636;    0.421552;    0.400637;      77.173;     noimage; 
    2.70613;    -5.28256;     2.68769;    -5.26533;    0.433181;    0.405201;     80.2832;     noimage; 
    2.65613;    -5.28214;      2.6391;     -5.2644;    0.444035;     0.40935;     82.5338;     noimage; 
    2.60613;    -5.28172;     2.58843;    -5.26357;    0.454987;    0.414757;      84.007;     noimage; 
    2.55613;     -5.2813;     2.53873;    -5.26282;    0.466435;    0.416574;     87.4655;     noimage; 
    2.50613;    -5.28088;     2.48793;     -5.2621;    0.477479;    0.419663;     89.5291;     noimage; 
    2.45614;    -5.28046;     2.43909;    -5.26112;    0.487958;    0.424189;    -89.5063;     noimage; 
    2.40614;    -5.28004;     2.39195;    -5.27565;    0.289118;    0.151687;     10.2831;     2.40614; 
    2.35614;    -5.27962;     2.34612;    -5.27528;    0.295335;    0.152408;     9.95647;     noimage; 
    2.30614;     -5.2792;     2.29268;    -5.27495;    0.301853;    0.153513;     9.52353;     noimage; 
    2.25614;    -5.27878;     2.24286;    -5.27478;    0.309343;    0.154653;     9.05084;     noimage; 
    2.20615;    -5.27836;     2.19418;    -5.27447;    0.314305;    0.155886;     8.71468;     noimage; 
    2.15615;    -5.27794;     2.14605;    -5.27388;    0.320172;     0.15722;     8.23319;     noimage; 
    2.10615;    -5.27752;     2.09369;    -5.27308;    0.326674;    0.158662;     7.82886;     noimage; 
    2.05615;     -5.2771;     2.04092;    -5.27242;    0.334727;    0.160375;     7.24944;     noimage; 
    2.00615;    -5.27668;     1.99342;    -5.27187;    0.342592;    0.161679;     6.89409;     noimage; 
    1.95615;    -5.27626;     1.94034;    -5.27137;    0.347967;    0.163419;     6.43331;     noimage; 
    1.90616;    -5.27584;     1.89573;     -5.2709;     0.35298;    0.164976;     5.92746;     noimage; 
    1.85616;    -5.27542;     1.84333;    -5.27017;    0.358186;    0.166508;     5.64302;     noimage; 
    1.80616;    -5.27499;     1.78996;    -5.26965;    0.362347;    0.168222;     5.40173;     noimage; 
    1.75616;    -5.27457;     1.74577;    -5.26932;    0.367093;    0.169686;     5.06088;     noimage; 
    1.70616;    -5.27415;      1.6952;    -5.26902;    0.374379;    0.171198;     4.82066;     noimage; 
    1.65616;    -5.27373;     1.64274;    -5.26868;     0.38127;    0.173031;     4.49204;     noimage; 
    1.60617;    -5.27331;     1.59268;    -5.26819;    0.388859;    0.174725;     4.17193;     noimage; 
    1.55617;    -5.27289;      1.5433;     -5.2677;    0.394541;    0.176454;      3.8283;     noimage; 
    1.50617;    -5.27247;     1.49249;    -5.26745;    0.399728;    0.178201;     3.73202;     noimage; 
    1.45617;    -5.27205;     1.43809;    -5.26718;    0.403627;    0.180215;     3.60424;     noimage; 
    1.40617;    -5.27163;     1.39365;    -5.26671;    0.409015;    0.181666;     3.58875;     noimage; 
    1.35618;    -5.27121;     1.34842;    -5.26619;     0.41287;    0.183189;     3.54747;     noimage; 
    1.30618;    -5.27079;      1.2941;    -5.26593;    0.418441;    0.185357;     3.32772;     noimage; 
    1.25618;    -5.27037;     1.24399;    -5.26569;     0.42262;    0.187468;     3.09914;     noimage; 
    1.20618;    -5.26995;     1.19119;    -5.26549;    0.425501;    0.189758;     2.80392;     noimage; 
    1.15618;    -5.26953;     1.14403;    -5.26554;    0.430831;     0.19158;     2.79174;     noimage; 
    1.10618;    -5.26911;     1.09259;    -5.26535;    0.435108;    0.193747;     2.66913;     noimage; 
    1.05619;    -5.26869;     1.04569;    -5.26504;    0.439466;    0.195833;     2.45237;     noimage; 
    1.00619;    -5.26827;    0.994855;    -5.26462;     0.44332;     0.19791;      2.4047;     noimage; 
    0.95619;    -5.26785;    0.942243;    -5.26417;    0.446703;     0.20034;     2.21534;     noimage; 
   0.906191;    -5.26743;    0.894243;    -5.26378;     0.44853;    0.202543;     1.96954;     noimage; 
   0.856193;    -5.26701;    0.844147;    -5.26344;    0.452312;    0.204621;     1.99952;     noimage; 
   0.806195;    -5.26659;    0.794096;     -5.2629;    0.455883;    0.206858;      1.9755;     noimage; 
   0.756197;    -5.26617;    0.745301;    -5.26236;     0.46168;    0.209082;     1.92899;     noimage; 
   0.706199;    -5.26575;    0.697468;    -5.26209;    0.465998;    0.211315;      1.8007;     noimage; 
     0.6562;    -5.26533;    0.647713;    -5.26173;    0.468604;     0.21365;     1.79871;     noimage; 
   0.606202;    -5.26491;    0.594237;    -5.26126;    0.473883;    0.216221;     1.74987;     noimage; 
   0.556204;    -5.26449;    0.545385;    -5.26053;     0.47811;     0.21856;     1.60006;     noimage; 
   0.506206;    -5.26407;    0.493838;    -5.25964;    0.481841;    0.221165;     1.56345;     noimage; 
   0.456207;    -5.26365;    0.444991;    -5.25884;    0.486684;    0.223719;     1.50604;     noimage; 
   0.406209;    -5.26322;    0.395938;    -5.25815;    0.489885;    0.226096;     1.52518;     noimage; 
   0.356211;     -5.2628;    0.342981;    -5.25781;    0.495401;    0.228821;     1.46348;     noimage; 
   0.306213;    -5.26238;    0.290093;    -5.25753;    0.501472;    0.231527;     1.44023;     noimage; 
   0.256214;    -5.26196;    0.244771;    -5.25703;    0.503112;    0.234172;     1.22209;     noimage; 
   0.206216;    -5.26154;    0.190968;    -5.25634;    0.506003;    0.237217;     1.18869;     noimage; 
   0.156218;    -5.26112;      0.1473;    -5.25571;    0.509322;    0.239652;     1.06099;    0.156218; 
    0.10622;     -5.2607;   0.0988032;    -5.25495;     0.51183;    0.242477;     1.09612;     noimage; 
  0.0562215;    -5.26028;     0.04706;    -5.25429;    0.516535;    0.245556;     0.99263;     noimage; 
  0.0062233;    -5.25986; -0.00338978;    -5.25373;     0.51996;     0.24838;    0.937222;     noimage; 
 -0.0437749;    -5.25944;  -0.0556246;    -5.25328;    0.524696;    0.251526;    0.837073;     noimage; 
 -0.0937732;    -5.25902;    -0.10418;    -5.25275;    0.527216;    0.254353;    0.781668;     noimage; 
  -0.143771;     -5.2586;   -0.149156;    -5.25236;    0.531325;    0.257147;      0.6718;     noimage; 
   -0.19377;    -5.25818;   -0.204995;    -5.25204;    0.537474;    0.260353;    0.571967;     noimage; 
  -0.243768;    -5.25776;   -0.251524;     -5.2519;    0.538867;    0.263075;    0.587971;     noimage; 
  -0.293766;    -5.25734;   -0.306452;    -5.25184;     0.54236;    0.266398;    0.616372;     noimage; 
  -0.343764;    -5.25692;   -0.351314;    -5.25137;    0.543683;     0.26916;    0.776203;     noimage; 
  -0.393763;     -5.2565;   -0.405598;     -5.2506;    0.546717;    0.272571;     0.78214;     noimage; 
  -0.443761;    -5.25608;     -0.4588;    -5.25001;    0.552482;    0.275823;      0.9005;     noimage; 
  -0.493759;    -5.25566;   -0.503879;    -5.24947;    0.553607;    0.278618;    0.912099;     noimage; 
  -0.543757;    -5.25524;   -0.559261;    -5.24883;    0.557325;    0.282166;    0.866907;     noimage; 
  -0.593755;    -5.25482;   -0.602924;     -5.2484;    0.560009;    0.284823;    0.887941;     noimage; 
  -0.643754;     -5.2544;   -0.658357;    -5.24787;    0.563787;    0.288367;    0.799415;     noimage; 
  -0.693752;    -5.25398;    -0.70562;    -5.24737;    0.566047;    0.291453;    0.762775;     noimage; 
   -0.74375;    -5.25356;   -0.757359;    -5.24681;      0.5712;    0.294908;    0.728426;     noimage; 
  -0.793748;    -5.25314;    -0.80807;    -5.24626;    0.574745;    0.298476;      0.6465;     noimage; 
  -0.843747;    -5.25272;   -0.854434;    -5.24576;    0.578083;    0.301554;    0.710565;     noimage; 
  -0.893745;     -5.2523;   -0.904081;    -5.24538;    0.580604;    0.304905;    0.719129;     noimage; 
  -0.943743;    -5.25188;   -0.952868;    -5.24526;    0.585593;    0.308222;    0.815346;     noimage; 
  -0.993741;    -5.25145;    -1.00448;    -5.24498;    0.586546;    0.311896;    0.929213;     noimage; 
   -1.04374;    -5.25103;    -1.05665;    -5.24432;    0.589272;    0.315638;    0.780558;     noimage; 
   -1.09374;    -5.25061;    -1.10593;     -5.2438;    0.591276;    0.319029;    0.844289;     noimage; 
   -1.14374;    -5.25019;    -1.15783;    -5.24345;    0.596199;    0.322657;    0.846209;     noimage; 
   -1.19373;    -5.25102;    -1.20011;    -5.24408;    0.598151;    0.325649;    0.781018;     noimage; 
   -1.24369;     -5.2531;     -1.2573;    -5.24621;     0.60103;    0.330028;    0.738721;     noimage; 
   -1.29364;    -5.25518;    -1.30365;    -5.24801;    0.603838;    0.333473;    0.743609;     noimage; 
    -1.3436;    -5.25726;    -1.35413;    -5.25009;    0.607936;    0.337057;    0.783095;     noimage; 
   -1.39356;    -5.25934;    -1.40659;     -5.2525;    0.610246;     0.34094;    0.826467;     noimage; 
   -1.44351;    -5.26142;    -1.45452;    -5.25439;    0.614625;    0.344577;    0.861378;     noimage; 
   -1.49347;     -5.2635;     -1.5032;    -5.25624;    0.616914;    0.348361;    0.954175;     noimage; 
   -1.54343;    -5.26558;    -1.55713;    -5.25861;    0.619965;    0.352594;    0.980918;     noimage; 
   -1.59338;    -5.26766;    -1.60523;    -5.26065;    0.622455;    0.356358;    0.951004;     noimage; 
   -1.64334;    -5.26973;    -1.65749;     -5.2628;    0.625652;    0.360484;    0.840659;     noimage; 
    -1.6933;    -5.27181;    -1.70738;    -5.26462;    0.630089;    0.364353;    0.709347;     noimage; 
   -1.74325;    -5.27389;    -1.75808;    -5.26651;    0.633812;    0.368459;    0.658655;     noimage; 
   -1.79321;    -5.27597;    -1.80763;    -5.26879;    0.638899;    0.372483;     0.73733;     noimage; 
   -1.84317;    -5.27805;    -1.85439;    -5.27072;    0.641942;    0.376272;    0.680611;     noimage; 
   -1.89316;    -5.27888;    -1.90248;    -5.27148;    0.645761;    0.380266;    0.665337;     noimage; 
   -1.94316;    -5.27846;    -1.95386;    -5.27118;    0.651293;    0.384498;    0.812261;     noimage; 
   -1.99316;    -5.27804;    -2.00409;    -5.27091;    0.655117;     0.38869;    0.673972;     noimage; 
   -2.04315;    -5.27762;    -2.05577;    -5.27066;    0.657158;    0.393036;    0.676131;     noimage; 
   -2.09315;     -5.2772;    -2.10581;    -5.27004;    0.659167;    0.397383;    0.545286;    -2.09315; 
   -2.14315;    -5.27678;    -2.15489;    -5.26945;    0.661022;    0.401815;    0.421658;     noimage; 
   -2.19315;    -5.27636;    -2.20959;    -5.26899;    0.665555;    0.406563;    0.239041;     noimage; 
   -2.24315;    -5.27594;    -2.25708;    -5.26853;    0.665579;    0.410717;   0.0722147;     noimage; 
   -2.29315;    -5.27552;    -2.30631;    -5.26789;    0.669383;    0.415214;   -0.192956;     noimage; 
   -2.34314;     -5.2751;    -2.35381;    -5.26732;    0.672588;    0.419473;   -0.165978;     noimage; 
   -2.39314;    -5.27468;    -2.40512;    -5.26688;    0.675475;    0.424191;   -0.280878;     noimage; 
   -2.44314;    -5.27426;    -2.45587;    -5.26653;    0.678477;    0.428862;    -0.25835;     noimage; 
   -2.49314;    -5.27384;    -2.50669;    -5.26618;     0.68106;    0.433705;  -0.0766216;     noimage; 
   -2.54314;    -5.27342;    -2.55444;    -5.26594;    0.682535;    0.438177;   -0.114929;     noimage; 
   -2.59314;      -5.273;    -2.60549;    -5.26568;    0.683465;    0.442834;   -0.227668;     noimage; 
   -2.64313;    -5.27257;    -2.65419;    -5.26548;     0.68586;    0.447316;   -0.340904;     noimage; 
   -2.69313;    -5.27215;    -2.70662;     -5.2653;    0.688292;    0.452215;   -0.524941;     noimage; 
   -2.74313;    -5.27173;    -2.75566;    -5.26486;    0.692491;    0.456925;   -0.563241;     noimage; 
   -2.79313;    -5.27131;    -2.80508;    -5.26444;    0.693929;      0.4616;   -0.649708;     noimage; 
   -2.84313;    -5.27089;    -2.85367;    -5.26395;    0.698338;    0.466267;   -0.654857;     noimage; 
   -2.89312;    -5.27047;    -2.90584;    -5.26347;    0.700233;    0.471319;   -0.880589;     noimage; 
   -2.94312;    -5.27005;     -2.9585;    -5.26305;    0.703354;    0.476445;      -1.059;     noimage; 
   -2.99312;    -5.26963;    -3.00598;     -5.2627;    0.706625;      0.4809;    -1.20175;     noimage; 
   -3.04312;    -5.26921;    -3.05581;    -5.26246;    0.710527;    0.485737;    -1.23813;     noimage; 
   -3.09312;    -5.26879;    -3.10404;     -5.2619;    0.712544;     0.49052;     -1.3574;     noimage; 
   -3.14312;    -5.26837;    -3.15541;     -5.2612;    0.715373;    0.495322;    -1.80954;     noimage; 
   -3.19311;    -5.26795;    -3.20311;    -5.26065;    0.718727;     0.49988;    -1.97511;     noimage; 
   -3.24311;    -5.26753;    -3.25668;       -5.26;    0.721651;    0.505314;    -2.16679;     noimage; 
   -3.29311;    -5.26711;    -3.30461;    -5.25929;    0.723581;    0.510302;    -2.13224;     noimage; 
   -3.34311;    -5.26669;    -3.35589;     -5.2585;     0.72511;    0.515456;    -2.40211;     noimage; 
   -3.39311;    -5.26627;    -3.40648;      -5.258;    0.726744;    0.520499;    -2.64265;     noimage; 
   -3.44311;    -5.26585;    -3.45477;    -5.25739;    0.728482;    0.525404;    -2.83407;     noimage; 
    -3.4931;    -5.26543;    -3.50482;    -5.25649;    0.730377;    0.530755;    -2.83526;     noimage; 
    -3.5431;    -5.26501;    -3.55582;    -5.25572;    0.731984;    0.535849;    -3.09088;     noimage; 
    -3.5931;    -5.26459;    -3.60881;    -5.25522;    0.734203;    0.541112;    -3.64513;     noimage; 
    -3.6431;    -5.26417;    -3.65615;    -5.25494;    0.737404;    0.546088;    -3.60981;     noimage; 
    -3.6931;    -5.26375;    -3.70779;     -5.2545;    0.741502;    0.551607;    -3.49698;     noimage; 
   -3.74309;    -5.26333;    -3.75801;    -5.25413;    0.743578;    0.556952;    -3.62171;     noimage; 
   -3.79309;    -5.26291;    -3.80693;    -5.25372;    0.746582;    0.562113;    -3.71679;     noimage; 
   -3.84309;    -5.26249;    -3.85571;    -5.25311;    0.749917;    0.567219;    -3.86259;     noimage; 
   -3.89309;    -5.26207;    -3.90754;    -5.25253;    0.752911;     0.57277;    -3.82474;     noimage; 
   -3.94309;    -5.26165;    -3.95936;    -5.25196;    0.757098;    0.578176;    -4.06849;     noimage; 
   -3.99309;    -5.26122;    -4.00753;    -5.25142;    0.758308;    0.583188;    -4.24831;     noimage; 
   -4.04308;     -5.2608;    -4.05576;    -5.25107;    0.760379;    0.588476;    -4.14052;     noimage; 
   -4.09308;    -5.26038;    -4.10666;    -5.25073;    0.763459;       0.594;     -3.9508;     noimage; 
   -4.14308;    -5.25996;    -4.15574;    -5.25029;    0.766101;    0.599355;    -4.05981;     noimage; 
   -4.19308;    -5.25954;    -4.20679;    -5.24991;    0.769426;    0.604859;    -4.21101;     noimage; 
   -4.24305;    -5.25787;    -4.25745;    -5.24845;    0.770753;    0.610364;    -4.33528;     noimage; 
   -4.29288;    -5.25371;    -4.30843;    -5.24429;    0.772312;    0.615796;    -4.83787;     noimage; 
   -4.34243;    -5.24706;    -4.35894;    -5.23719;    0.776197;    0.621538;    -5.17858;    -4.34243; 
   -4.39159;    -5.23794;    -4.40496;    -5.22828;    0.776837;    0.627041;    -5.69671;     noimage; 
   -4.44024;    -5.22637;    -4.45264;    -5.21675;    0.776761;    0.632604;    -6.02607;     noimage; 
   -4.48824;    -5.21239;    -4.50022;      -5.203;    0.778682;    0.638454;    -6.54778;     noimage; 
   -4.53549;    -5.19603;    -4.55069;    -5.18563;    0.780872;    0.643814;    -6.21925;     noimage; 
   -4.58186;    -5.17732;    -4.59171;    -5.16906;    0.781805;    0.648839;    -6.31427;     noimage; 
   -4.62724;    -5.15633;    -4.63682;    -5.14834;    0.782218;    0.654702;     -6.4822;     noimage; 
   -4.67151;    -5.13309;    -4.68189;    -5.12477;    0.783408;    0.659845;    -6.05353;     noimage; 
   -4.71456;    -5.10766;    -4.72709;    -5.09773;    0.785953;    0.665835;    -5.92917;     noimage; 
   -4.75629;    -5.08012;    -4.76764;    -5.07079;     0.78865;    0.670725;    -5.48172;     noimage; 
   -4.79659;    -5.05052;    -4.80777;    -5.04128;    0.791448;    0.676951;    -5.49315;     noimage; 
   -4.83536;    -5.01895;    -4.84758;    -5.00857;    0.791782;    0.683781;    -5.03685;     noimage; 
   -4.87251;    -4.98548;    -4.88352;    -4.97606;    0.794522;    0.689167;    -4.58772;     noimage; 
   -4.90793;     -4.9502;    -4.92118;    -4.93802;    0.796852;    0.695729;     -4.0692;     noimage; 
   -4.94155;    -4.91319;    -4.95271;    -4.90286;    0.798363;    0.702804;    -3.79539;     noimage; 
   -4.97328;    -4.87454;    -4.98703;    -4.86073;    0.800352;    0.711019;    -3.49879;     noimage; 
   -5.00303;    -4.83436;    -5.01427;     -4.8234;    0.802588;    0.716489;    -2.74003;     noimage; 
   -5.03074;    -4.79274;     -5.0401;    -4.78479;    0.804804;    0.719412;    -1.03064;     noimage; 
   -5.05634;    -4.74979;    -5.06631;    -4.74157;    0.806357;    0.723687;    0.984929;     noimage; 
   -5.07975;    -4.70561;    -5.09017;    -4.69768;    0.807388;    0.729887;     3.00617;     noimage; 
   -5.10093;    -4.66032;    -5.11251;    -4.65019;    0.807787;    0.735205;     5.65462;     noimage; 
   -5.11982;    -4.61402;    -5.13144;    -4.60311;    0.808167;    0.738173;     8.14386;     noimage; 
   -5.13637;    -4.56684;    -5.14755;    -4.55736;     0.80788;    0.741372;     10.6677;     noimage; 
   -5.15054;    -4.51889;    -5.16233;    -4.50645;    0.804741;    0.745382;     14.4823;     noimage; 
    -5.1623;    -4.47029;    -5.17338;    -4.45925;    0.803156;    0.748627;     17.0927;     noimage; 
   -5.17162;    -4.42117;    -5.18242;     -4.4108;    0.802635;    0.750299;     18.9227;     noimage; 
   -5.17847;    -4.37164;    -5.18865;    -4.36577;    0.800695;    0.751329;      20.971;     noimage; 
   -5.18283;    -4.32183;    -5.19371;    -4.30906;     0.79889;    0.753136;     23.1998;     noimage; 
    -5.1847;    -4.27186;    -5.19532;    -4.26128;    0.800169;    0.752133;     23.5521;     noimage; 
   -5.18407;    -4.22187;     -5.1946;    -4.21583;    0.799431;    0.751049;     24.5262;     noimage; 
   -5.18094;    -4.17197;    -5.19105;    -4.16281;    0.799876;    0.751105;     25.3456;     noimage; 
   -5.17656;    -4.12216;    -5.18669;    -4.11621;     0.79956;    0.749537;     26.0758;     noimage; 
   -5.17219;    -4.07235;    -5.18214;    -4.06272;    0.800886;    0.748431;     26.4538;     noimage; 
   -5.16781;    -4.02254;    -5.17818;    -4.01574;    0.804168;    0.748466;     26.3335;     noimage; 
   -5.16344;    -3.97273;    -5.17324;    -3.96352;    0.807631;    0.748149;      26.305;     noimage; 
   -5.15906;    -3.92293;    -5.16871;     -3.9153;    0.810831;    0.747527;      26.306;     noimage; 
   -5.15469;    -3.87312;    -5.16418;    -3.86574;    0.815068;    0.747576;     26.1979;     noimage; 
   -5.15031;    -3.82331;    -5.15958;    -3.81832;     0.82005;    0.747479;     25.9347;     noimage; 
   -5.14594;     -3.7735;    -5.15498;    -3.76768;    0.824999;    0.747672;     25.8315;     noimage; 
   -5.14156;    -3.72369;    -5.15028;    -3.71546;    0.831832;    0.748982;     25.5366;     noimage; 
   -5.13719;    -3.67388;    -5.14576;    -3.66653;    0.839301;    0.750937;     25.1627;     noimage; 
   -5.13281;    -3.62408;    -5.14167;    -3.61809;    0.845119;    0.748296;     24.8201;     noimage; 
   -5.12844;    -3.57427;    -5.13722;    -3.56623;    0.851997;    0.749849;     24.7086;     noimage; 
   -5.12406;    -3.52446;    -5.13285;    -3.51606;    0.860185;    0.750889;     24.3737;     noimage; 
   -5.11969;    -3.47465;    -5.12852;    -3.46723;    0.868044;    0.750514;     24.0314;     noimage; 
   -5.11531;    -3.42484;    -5.10567;    -3.42764;     0.66043;    0.444573;    -17.4205;    -5.11531; 
   -5.11094;    -3.37503;    -5.10148;    -3.37837;    0.658802;    0.449943;    -17.4661;     noimage; 
   -5.10656;    -3.32523;    -5.09701;    -3.32894;    0.655407;    0.453569;    -17.7166;     noimage; 
   -5.10219;    -3.27542;    -5.09227;    -3.27808;     0.65241;    0.457745;    -17.9265;     noimage; 
   -5.09782;    -3.22561;    -5.08803;    -3.22782;    0.647468;    0.460656;    -18.3971;     noimage; 
   -5.09344;     -3.1758;    -5.08368;     -3.1764;    0.644214;    0.462736;    -18.6082;     noimage; 
   -5.08907;    -3.12599;     -5.0792;    -3.12884;    0.641999;    0.466809;    -18.7693;     noimage; 
   -5.08469;    -3.07619;    -5.07455;    -3.07802;    0.639418;     0.47099;    -18.9764;     noimage; 
   -5.08032;    -3.02638;    -5.07044;    -3.03008;    0.636788;    0.474158;    -19.1828;     noimage; 
   -5.07594;    -2.97657;     -5.0659;    -2.97894;    0.633324;    0.477518;    -19.5185;     noimage; 
   -5.07157;    -2.92676;    -5.06143;    -2.93126;    0.629198;    0.481169;    -20.0128;     noimage; 
   -5.06719;    -2.87695;    -5.05644;    -2.87865;    0.627206;    0.485709;    -20.2025;     noimage; 
   -5.06282;    -2.82714;    -5.05183;    -2.82808;    0.624946;    0.490388;    -20.4718;     noimage; 
   -5.05844;    -2.77734;    -5.04745;    -2.77881;    0.621607;    0.493712;    -20.8896;     noimage; 
   -5.05407;    -2.72753;    -5.04301;    -2.73027;    0.618632;    0.495082;    -21.1498;     noimage; 
   -5.04969;    -2.67772;    -5.03866;    -2.68084;     0.61535;    0.497884;    -21.5469;     noimage; 
   -5.04532;    -2.62791;    -5.03412;    -2.62904;    0.613272;    0.501049;    -21.7792;     noimage; 
   -5.04094;     -2.5781;     -5.0298;    -2.58192;    0.611302;    0.502538;    -21.9297;     noimage; 
   -5.03657;     -2.5283;    -5.02502;    -2.52973;    0.608824;     0.50659;    -22.3236;     noimage; 
   -5.03219;    -2.47849;    -5.02073;    -2.48293;    0.604516;    0.509802;    -23.0668;     noimage; 
   -5.02782;    -2.42868;    -5.01629;    -2.43284;    0.600842;    0.511623;    -23.6046;     noimage; 
   -5.02344;    -2.37887;    -5.01168;    -2.37781;    0.599903;    0.516919;    -23.9025;     noimage; 
   -5.01907;    -2.32906;     -5.0074;    -2.32863;    0.598998;    0.518423;    -23.9274;     noimage; 
   -5.01469;    -2.27925;    -5.00279;    -2.28058;    0.596594;    0.521754;    -24.4437;     noimage; 
   -5.01032;    -2.22945;    -4.99832;    -2.23376;    0.593604;    0.526118;    -25.2445;     noimage; 
   -5.00594;    -2.17964;    -4.99358;    -2.18079;    0.590638;     0.53228;    -26.3098;     noimage; 
   -5.00157;    -2.12983;    -4.98948;    -2.13454;    0.589446;      0.5357;     -26.767;     noimage; 
   -4.99719;    -2.08002;    -4.98457;    -2.07981;    0.587256;    0.536581;    -27.1262;     noimage; 
   -4.99282;    -2.03021;    -4.98011;    -2.03289;    0.584825;    0.539388;    -27.9027;     noimage; 
   -4.98844;     -1.9804;    -4.97531;    -1.98269;    0.585444;    0.544028;    -28.2018;     noimage; 
   -4.98407;     -1.9306;    -4.97081;    -1.93357;    0.582336;    0.545474;    -29.0759;     noimage; 
   -4.97969;    -1.88079;    -4.96677;    -1.88619;    0.580669;    0.547921;    -29.8047;     noimage; 
   -4.97532;    -1.83098;    -4.96215;     -1.8327;    0.579118;    0.552444;    -31.0157;     noimage; 
   -4.97094;    -1.78117;    -4.95806;    -1.78586;    0.577481;    0.554074;    -31.7646;     noimage; 
   -4.96657;    -1.73136;    -4.95357;    -1.73358;    0.575852;    0.556475;    -32.7993;     noimage; 
   -4.96219;    -1.68156;    -4.94937;    -1.68602;    0.575228;    0.558525;    -33.4835;     noimage; 
   -4.95782;    -1.63175;    -4.94447;    -1.63207;    0.573746;    0.561402;    -34.9658;     noimage; 
   -4.95344;    -1.58194;    -4.93997;    -1.58578;    0.573032;    0.563133;    -35.9026;     noimage; 
   -4.94907;    -1.53213;    -4.93544;    -1.53839;    0.572114;    0.564894;    -37.1516;     noimage; 
   -4.94469;    -1.48232;    -4.93089;     -1.4873;    0.574025;    0.569432;    -38.5164;     noimage; 
   -4.94032;    -1.43251;    -4.92632;    -1.43278;    0.573445;     0.57111;     -40.341;     noimage; 
   -4.93719;    -1.38261;    -4.92355;    -1.38843;    0.573832;    0.572906;    -42.0379;     noimage; 
   -4.93531;    -1.33265;    -4.92121;     -1.3352;    0.575546;    0.575526;      -44.56;     noimage; 
   -4.93343;    -1.28268;     -4.9192;    -1.28828;    0.578137;    0.577842;     -46.722;     noimage; 
   -4.93155;    -1.23272;    -4.91712;    -1.23803;    0.580005;    0.579181;     -47.941;     noimage; 
   -4.92967;    -1.18275;    -4.91119;    -1.18948;    0.427992;    0.380569;    -32.0424;    -4.92967; 
   -4.92779;    -1.13279;    -4.90945;    -1.14063;    0.422413;     0.38276;    -33.1718;     noimage; 
   -4.92591;    -1.08282;     -4.9075;    -1.09054;    0.419735;     0.38582;    -33.9598;     noimage; 
   -4.92403;    -1.03286;     -4.9055;    -1.04042;    0.415244;    0.388415;    -35.1739;     noimage; 
   -4.92215;   -0.982895;    -4.90363;   -0.991672;    0.412261;    0.391085;    -36.2286;     noimage; 
   -4.92027;    -0.93293;    -4.90158;   -0.940816;    0.411822;    0.395601;    -37.1983;     noimage; 
   -4.91839;   -0.882966;    -4.89947;   -0.888025;    0.409474;    0.397536;    -38.2718;     noimage; 
   -4.91651;   -0.833001;    -4.89767;   -0.839697;    0.408206;    0.400004;    -39.3843;     noimage; 
   -4.91463;   -0.783036;    -4.89574;    -0.79257;    0.406962;    0.401444;    -40.3701;     noimage; 
   -4.91275;   -0.733072;    -4.89369;   -0.742145;    0.407309;    0.403922;    -41.3252;     noimage; 
   -4.91087;   -0.683107;    -4.89174;   -0.688611;    0.406908;     0.40509;    -42.2843;     noimage; 
   -4.90899;   -0.633142;    -4.88991;    -0.63799;     0.40695;    0.406394;    -43.4901;     noimage; 
   -4.90711;   -0.583178;    -4.88827;   -0.590856;    0.408431;    0.408419;    -44.7769;     noimage; 
   -4.90523;   -0.533213;    -4.88634;    -0.53902;    0.411665;    0.411238;     -46.352;     noimage; 
   -4.90335;   -0.483248;    -4.88456;   -0.493822;    0.413405;    0.412215;     -47.278;     noimage; 
   -4.90147;   -0.433284;    -4.88243;   -0.441057;    0.416045;    0.413215;    -48.5459;     noimage; 
   -4.89959;   -0.383319;    -4.88037;   -0.390695;     0.41826;    0.413386;    -49.6817;     noimage; 
   -4.89771;   -0.333354;    -4.87865;   -0.340046;    0.423209;    0.414281;    -51.3591;     noimage; 
   -4.89583;    -0.28339;    -4.87726;   -0.292647;      0.4295;    0.415991;    -52.9166;     noimage; 
   -4.89395;   -0.233425;    -4.87553;   -0.240915;    0.432463;     0.41442;    -54.1061;     noimage; 
   -4.89207;   -0.183461;    -4.87371;   -0.190038;    0.440147;    0.415799;    -55.7159;     noimage; 
   -4.89019;   -0.133496;    -4.87203;    -0.14269;    0.442591;    0.414269;    -56.5515;     noimage; 
   -4.88831;  -0.0835313;    -4.86986;  -0.0881101;    0.449506;    0.413887;    -58.0039;     noimage; 
   -4.88643;  -0.0335666;    -4.86786;  -0.0387549;    0.456986;    0.413671;    -59.3987;     noimage; 
   -4.88455;    0.016398;    -4.86597;   0.0110949;    0.466434;     0.41415;    -60.9594;     noimage; 
   -4.88267;   0.0663626;     -4.8639;   0.0601598;    0.472643;    0.413291;    -62.0688;     noimage; 
   -4.88079;    0.116327;    -4.86169;     0.11189;    0.482789;    0.414106;    -63.6459;     noimage; 
   -4.87891;    0.166292;    -4.85994;    0.158111;    0.488524;    0.413661;    -64.6523;     noimage; 
   -4.87702;    0.216257;    -4.85835;    0.207154;    0.495588;    0.413006;    -65.7899;     noimage; 
   -4.87514;    0.266221;    -4.85639;    0.260663;    0.505579;    0.413568;    -67.3601;     noimage; 
   -4.87326;    0.316186;    -4.85433;    0.313102;    0.514031;    0.412198;    -68.5409;     noimage; 
   -4.87138;     0.36615;    -4.85278;    0.359665;    0.522279;    0.411168;    -69.6392;     noimage; 
    -4.8695;    0.416115;    -4.85093;    0.410352;    0.530213;    0.410052;    -70.7379;     noimage; 
   -4.86762;     0.46608;    -4.84904;    0.459443;    0.534577;    0.408417;    -71.4775;     noimage; 
   -4.86574;    0.516044;    -4.84707;    0.509646;    0.540838;    0.406819;    -72.3469;     noimage; 
   -4.86511;     0.56604;    -4.84634;    0.559719;    0.545525;    0.404536;    -72.9696;     noimage; 
   -4.86698;    0.616005;    -4.84846;    0.611626;    0.551976;    0.402192;    -73.6138;     noimage; 
    -4.8701;    0.665908;     -4.8514;    0.657432;    0.558155;    0.400349;    -74.2337;     noimage; 
   -4.87322;    0.715811;     -4.8543;    0.707194;    0.561728;    0.398282;    -74.7203;     noimage; 
   -4.87634;    0.765714;    -4.85727;    0.757423;    0.567364;    0.396578;    -75.3904;     noimage; 
   -4.87945;    0.815616;    -4.86046;    0.808443;    0.572652;    0.394525;     -75.889;     noimage; 
   -4.88257;    0.865519;    -4.86379;    0.857278;    0.576652;     0.39244;    -76.2116;     noimage; 
   -4.88569;    0.915422;    -4.86724;    0.908249;    0.579985;    0.390609;    -76.6416;     noimage; 
    -4.8888;    0.965325;    -4.87037;    0.957766;    0.583987;    0.388856;    -77.0522;     noimage; 
   -4.89192;     1.01523;    -4.87345;     1.01025;    0.589428;    0.387165;    -77.5545;     noimage; 
   -4.89504;     1.06513;    -4.87892;       1.057;    0.325775;    0.316854;    -36.4484;    -4.89504; 
   -4.89816;     1.11503;    -4.88245;     1.10775;    0.323948;    0.320039;    -39.2789;     noimage; 
   -4.90127;     1.16494;    -4.88543;     1.15103;    0.324147;     0.32281;    -41.5888;     noimage; 
   -4.90439;     1.21484;    -4.88871;     1.20331;    0.324811;    0.324762;    -44.3383;     noimage; 
   -4.90751;     1.26474;    -4.89194;     1.25286;    0.326454;    0.325785;    -47.4477;     noimage; 
   -4.91063;     1.31464;    -4.89542;     1.30362;    0.329696;    0.326305;    -50.5057;     noimage; 
    -4.9125;     1.36461;    -4.89765;     1.35317;    0.332278;    0.325404;    -52.7785;     noimage; 
   -4.91312;      1.4146;    -4.89878;     1.40545;    0.339395;    0.326735;    -55.8017;     noimage; 
   -4.91373;      1.4646;    -4.89989;     1.45353;    0.345504;    0.326453;    -58.2981;     noimage; 
   -4.91435;      1.5146;    -4.90095;     1.50199;    0.352255;    0.325655;    -60.6692;     noimage; 
   -4.91497;     1.56459;    -4.90186;     1.55381;    0.360117;    0.325506;    -63.1882;     noimage; 
   -4.91559;     1.61459;    -4.90277;     1.60238;    0.366431;    0.323921;     -65.007;     noimage; 
   -4.91621;     1.66459;    -4.90377;     1.65417;    0.373455;    0.321881;     -66.742;     noimage; 
   -4.91683;     1.71458;    -4.90457;     1.70296;    0.383038;    0.321024;    -68.9037;     noimage; 
   -4.91745;     1.76458;    -4.90542;     1.75346;    0.390778;    0.319685;    -70.6635;     noimage; 
   -4.91807;     1.81457;    -4.90627;     1.80524;    0.396648;    0.317926;    -72.0396;     noimage; 
   -4.91869;     1.86457;    -4.90699;     1.85132;    0.406095;    0.316675;    -73.7435;     noimage; 
   -4.91931;     1.91457;    -4.90792;     1.90435;    0.413938;    0.314459;    -74.9686;     noimage; 
   -4.91993;     1.96456;    -4.90868;      1.9514;    0.419128;    0.312497;    -75.8907;     noimage; 
   -4.92055;     2.01456;    -4.90951;     2.00343;     0.42484;    0.310437;    -76.9114;     noimage; 
   -4.92117;     2.06455;    -4.91021;     2.05282;    0.431398;    0.308488;    -77.8932;     noimage; 
   -4.92179;     2.11455;    -4.91103;     2.10143;    0.436426;     0.30633;    -78.5718;     noimage; 
   -4.92241;     2.16455;    -4.91214;     2.15482;     0.44329;     0.30434;    -79.6074;     noimage; 
   -4.92303;     2.21454;    -4.91301;     2.19979;    0.449282;     0.30235;    -80.2036;     noimage; 
   -4.92365;     2.26454;    -4.91378;     2.25348;    0.455192;    0.299865;    -80.7032;     noimage; 
   -4.92426;     2.31454;    -4.91434;      2.3027;    0.458096;    0.297703;    -81.1109;     noimage; 
   -4.92488;     2.36453;    -4.91498;     2.34906;     0.46405;    0.295875;    -81.6987;     noimage; 
    -4.9255;     2.41453;    -4.91601;     2.40569;    0.470722;    0.293478;    -82.1777;     noimage; 
   -4.92612;     2.46452;    -4.91689;     2.45178;    0.476316;    0.291642;     -82.632;     noimage; 
   -4.92674;     2.51452;    -4.91763;     2.50178;    0.482285;    0.289873;    -83.2707;     noimage; 
   -4.92736;     2.56452;    -4.91843;     2.55242;    0.485343;    0.287737;    -83.4638;     noimage; 
   -4.92798;     2.61451;    -4.91929;     2.60093;    0.492398;    0.286066;     -84.012;     noimage; 
    -4.9286;     2.66451;    -4.91985;     2.65179;    0.493345;    0.284129;    -84.2555;     noimage; 
   -4.92922;     2.71451;    -4.92035;       2.702;    0.497044;    0.282396;     -84.645;     noimage; 
   -4.92984;      2.7645;    -4.92105;     2.75127;    0.500544;    0.280667;     -84.878;     noimage; 
   -4.93046;      2.8145;    -4.92193;     2.80366;    0.506264;    0.278982;    -85.3125;     noimage; 
   -4.93108;     2.86449;    -4.92281;     2.85311;    0.511848;    0.277308;    -85.4935;     noimage; 
    -4.9317;     2.91449;    -4.92366;     2.90626;    0.518579;    0.275717;    -85.8908;     noimage; 
   -4.93232;     2.96449;    -4.92453;     2.95106;    0.523103;    0.274512;    -86.2616;     noimage; 
   -4.93294;     3.01448;    -4.92562;     3.00649;    0.526977;    0.273055;    -86.6245;     noimage; 
   -4.93356;     3.06448;    -4.92629;     3.05443;    0.531214;    0.271745;    -86.7532;     noimage; 
   -4.93418;     3.11447;    -4.92696;     3.10274;    0.534521;    0.270526;    -86.8998;     noimage; 
    -4.9348;     3.16447;    -4.92776;     3.15218;    0.538663;    0.269371;    -87.0414;     noimage; 
   -4.93541;     3.21447;    -4.92858;     3.20445;    0.542562;    0.268272;    -87.3348;     noimage; 
   -4.93603;     3.26446;    -4.92938;     3.25259;    0.545348;    0.267289;    -87.4729;     noimage; 
   -4.93665;     3.31446;    -4.92959;     3.30927;    0.209958;    0.205816;     -30.527;    -4.93665; 
   -4.93727;     3.36446;    -4.93044;     3.36188;    0.210746;    0.209766;    -51.9351;     noimage; 
   -4.93789;     3.41445;    -4.93111;      3.4098;    0.217751;    0.210021;    -64.1546;     noimage; 
   -4.93851;     3.46445;    -4.93158;     3.46213;    0.228095;    0.209255;    -73.6346;     noimage; 
   -4.93913;     3.51444;    -4.93211;     3.51076;    0.239382;    0.207939;     -79.647;     noimage; 
   -4.93975;     3.56444;    -4.93279;     3.56092;    0.247001;      0.2059;    -81.6406;     noimage; 
   -4.94037;     3.61444;    -4.93337;     3.61257;    0.256863;    0.203847;     -83.581;     noimage; 
   -4.94099;     3.66443;    -4.93402;     3.66243;    0.263182;    0.201947;    -85.1436;     noimage; 
   -4.94161;     3.71443;    -4.93476;     3.71405;    0.269289;    0.199771;    -85.5207;     noimage; 
   -4.94223;     3.76442;    -4.93546;     3.76462;    0.276781;    0.197745;    -86.2309;     noimage; 
   -4.94285;     3.81442;     -4.9361;      3.8109;    0.283622;    0.195914;    -86.7212;     noimage; 
   -4.94347;     3.86442;    -4.93666;     3.86325;    0.291912;    0.193879;    -87.2678;     noimage; 
   -4.94409;     3.91441;      -4.937;     3.91244;    0.296753;    0.192044;     -87.854;     noimage; 
   -4.94471;     3.96441;    -4.93729;       3.962;    0.301178;    0.190136;     -87.924;     noimage; 
   -4.94533;     4.01441;    -4.93768;     4.01383;    0.308048;    0.188231;    -88.0129;     noimage; 
   -4.94595;      4.0644;    -4.93837;     4.06369;    0.315019;    0.186485;    -88.4526;     noimage; 
   -4.94656;      4.1144;    -4.93909;     4.10847;    0.318759;    0.184974;    -88.5581;     noimage; 
   -4.94593;     4.16439;    -4.93838;       4.163;    0.324298;    0.183246;    -89.1495;     noimage; 
   -4.94281;      4.2143;    -4.93515;     4.21157;    0.329303;    0.181843;    -89.6768;     noimage; 
   -4.93719;     4.26398;    -4.92948;     4.26039;    0.335957;    0.180684;     89.6562;     noimage; 
   -4.92909;     4.31332;    -4.92045;     4.31379;    0.339069;    0.179437;      89.253;     noimage; 
   -4.91854;     4.36219;    -4.91068;     4.35792;    0.342234;    0.178661;     88.8319;     noimage; 
   -4.90556;     4.41048;    -4.89764;     4.40638;    0.346651;     0.17851;     88.1331;     noimage; 
   -4.89018;     4.45806;    -4.88118;     4.45744;    0.351309;    0.178443;     87.5731;     noimage; 
   -4.87245;      4.5048;    -4.86441;     4.50157;    0.353391;    0.179866;     86.8079;     noimage; 
    -4.8524;     4.55061;    -4.84519;     4.54553;    0.356309;    0.181536;     86.0827;     noimage; 
   -4.83008;     4.59535;    -4.82103;     4.59378;    0.360513;    0.183742;      85.261;     noimage; 
   -4.80556;     4.63893;     -4.7964;     4.63702;    0.364137;    0.186968;     84.3314;     noimage; 
   -4.77889;     4.68122;    -4.77096;     4.67733;     0.36492;    0.190794;      83.762;     noimage; 
   -4.75014;     4.72213;    -4.74052;     4.72075;    0.366971;    0.194774;     83.2306;     noimage; 
   -4.71938;     4.76155;     -4.7121;     4.75723;    0.369834;    0.198862;     82.6476;     noimage; 
   -4.68669;     4.79938;    -4.67861;     4.79619;    0.372408;    0.205298;     81.8485;     noimage; 
   -4.65215;     4.83553;    -4.64305;     4.83309;    0.375177;     0.21202;     81.1414;     noimage; 
   -4.61585;     4.86991;    -4.60764;     4.86639;    0.377441;    0.219365;     80.6192;     noimage; 
   -4.57787;     4.90243;    -4.57173;     4.89745;    0.380087;    0.225549;     80.4204;     noimage; 
   -4.53831;     4.93302;    -4.53328;     4.92775;    0.382815;    0.233421;     80.2552;     noimage; 
   -4.49728;     4.96159;    -4.48961;     4.95839;    0.386206;    0.242201;     80.0746;     noimage; 
   -4.45487;     4.98807;    -4.44703;     4.98496;    0.390459;    0.249107;     80.2499;     noimage; 
   -4.41119;      5.0124;    -4.40603;     5.00804;    0.395056;    0.255849;     80.4604;     noimage; 
   -4.36634;     5.03452;    -4.36092;     5.03049;    0.399527;    0.265682;     81.2028;     noimage; 
   -4.32045;     5.05436;    -4.31414;     5.05072;    0.404959;    0.274324;     81.5554;     noimage; 
   -4.27363;     5.07189;    -4.26517;     5.06881;    0.411121;    0.283428;     82.0589;     noimage; 
   -4.22598;     5.08706;    -4.21724;     5.08369;    0.417632;    0.291685;     82.4611;     noimage; 
   -4.17764;     5.09982;    -4.16982;     5.09617;    0.424656;    0.299536;     83.2588;     noimage; 
   -4.12872;     5.11016;    -4.12484;     5.10592;    0.431672;    0.306704;     84.4029;     noimage; 
   -4.07934;     5.11803;    -4.07918;     5.11586;    0.162537;    0.162494;     44.5556;    -4.07934; 
   -4.02964;     5.12343;    -4.02956;     5.12127;    0.167634;    0.166855;     43.0683;     noimage; 
   -3.97972;     5.12634;    -3.97575;     5.12436;    0.174146;    0.171497;     41.3754;     noimage; 
   -3.92975;       5.128;    -3.92905;     5.12588;    0.179996;    0.174612;     39.8104;     noimage; 
   -3.87977;     5.12966;    -3.87685;     5.12775;    0.192956;    0.180886;     37.0754;     noimage; 
    -3.8298;     5.13132;    -3.82771;     5.12981;    0.202823;    0.184611;     35.1987;     noimage; 
   -3.77983;     5.13298;    -3.77905;     5.13176;    0.211681;    0.188235;     33.7375;     noimage; 
   -3.72983;     5.13339;    -3.73081;     5.13231;    0.221395;    0.191468;     32.2129;     noimage; 
   -3.67988;      5.1313;    -3.67999;     5.13076;    0.231408;     0.19583;     30.7798;     noimage; 
   -3.62999;     5.12796;    -3.62902;      5.1279;    0.239658;    0.198594;     29.6474;     noimage; 
    -3.5801;     5.12462;    -3.58105;     5.12492;    0.248433;    0.204065;     28.5056;     noimage; 
   -3.53021;     5.12128;    -3.52847;     5.12184;    0.258025;    0.208188;     27.2742;     noimage; 
   -3.48032;     5.11794;    -3.47705;     5.11874;    0.269697;    0.213974;     25.6989;     noimage; 
   -3.43043;      5.1146;    -3.43207;     5.11575;    0.276148;    0.217268;     24.9504;     noimage; 
   -3.38054;     5.11127;    -3.38107;     5.11263;    0.285547;    0.222103;     23.7753;     noimage; 
   -3.33066;     5.10793;    -3.32928;     5.10957;    0.297098;    0.227045;     22.3738;     noimage; 
   -3.28077;     5.10459;    -3.27965;     5.10616;    0.301937;    0.230484;     21.9713;     noimage; 
   -3.23088;     5.10125;    -3.22677;     5.10275;    0.309955;    0.235543;      21.031;     noimage; 
   -3.18099;     5.09791;    -3.18055;     5.09993;    0.315397;     0.23961;      20.448;     noimage; 
    -3.1311;     5.09458;    -3.13447;      5.0968;    0.321855;    0.243147;     19.8965;     noimage; 
   -3.08121;     5.09124;    -3.08275;     5.09329;    0.331264;     0.24885;     18.7463;     noimage; 
   -3.03133;      5.0879;    -3.03052;     5.09008;    0.339462;    0.253345;     18.0317;     noimage; 
   -2.98144;     5.08456;    -2.97746;     5.08697;    0.348405;    0.259004;     17.0154;     noimage; 
   -2.93155;     5.08122;    -2.92901;     5.08406;    0.354633;    0.263938;     16.3379;     noimage; 
   -2.88166;     5.07788;    -2.88062;      5.0809;    0.358812;    0.268331;     16.1073;     noimage; 
   -2.83177;     5.07455;     -2.8296;     5.07763;    0.367508;    0.273699;     15.2028;     noimage; 
   -2.78188;     5.07121;    -2.78028;     5.07424;    0.370812;    0.278134;     15.1223;     noimage; 
     -2.732;     5.06787;    -2.73186;     5.07082;    0.378494;    0.283472;     14.5125;     noimage; 
   -2.68211;     5.06453;    -2.67803;     5.06782;    0.386235;    0.289448;     13.7417;     noimage; 
   -2.63222;     5.06119;    -2.63289;     5.06522;    0.390125;    0.294618;     13.3413;     noimage; 
   -2.58233;     5.05785;    -2.58295;     5.06173;    0.396291;    0.299828;     12.9289;     noimage; 
   -2.53244;     5.05452;    -2.53029;     5.05827;    0.400763;    0.305476;     12.7313;     noimage; 
   -2.48255;     5.05118;    -2.48041;     5.05536;    0.405568;    0.310935;     12.3858;     noimage; 
   -2.43266;     5.04784;       -2.43;      5.0523;    0.410112;    0.317115;      11.794;     noimage; 
   -2.38278;      5.0445;     -2.3794;     5.04891;    0.415952;    0.322892;     11.3791;     noimage; 
   -2.33289;     5.04116;    -2.33263;     5.04593;    0.419038;    0.328508;     11.1359;     noimage; 
     -2.283;     5.03783;    -2.28236;     5.04308;    0.424903;     0.33473;     10.6056;     noimage; 
   -2.23311;     5.03449;    -2.23514;     5.04034;    0.430405;    0.340637;     10.0855;     noimage; 
   -2.18322;     5.03115;    -2.18629;     5.03748;    0.431648;    0.345975;     10.5488;     noimage; 
   -2.13333;     5.02781;    -2.13405;     5.03428;    0.437762;    0.352425;     10.0539;     noimage; 
   -2.08345;     5.02447;    -2.08488;     5.03116;    0.442311;    0.358364;     9.92642;     noimage; 
   -2.03349;     5.02238;    -2.03484;     5.02927;    0.446023;    0.364758;      9.6705;     noimage; 
   -1.98349;     5.02279;    -1.98547;     5.02975;      0.4516;    0.371054;     9.41219;     noimage; 
   -1.93352;     5.02445;    -1.93119;     5.03166;    0.456785;    0.378103;     9.33464;     noimage; 
   -1.88355;     5.02611;    -1.88437;     5.03351;    0.462123;    0.384247;     9.07518;     noimage; 
   -1.83357;     5.02777;    -1.83959;     5.03064;    0.240485;    0.152454;     19.1573;    -1.83357; 
    -1.7836;     5.02943;    -1.78423;     5.03244;    0.251189;    0.153061;     17.6715;     noimage; 
   -1.73363;     5.03109;    -1.73629;     5.03404;      0.2604;    0.153048;     16.6387;     noimage; 
   -1.68366;     5.03274;    -1.68683;     5.03583;    0.269513;    0.153394;     15.5148;     noimage; 
   -1.63368;      5.0344;    -1.63812;     5.03747;    0.278593;     0.15334;     14.6056;     noimage; 
   -1.58371;     5.03606;    -1.58598;     5.03919;    0.286886;    0.153073;     13.8477;     noimage; 
   -1.53374;     5.03772;    -1.54103;     5.04073;    0.293854;    0.153166;     13.0871;     noimage; 
   -1.48377;     5.03938;    -1.48543;     5.04271;    0.303616;    0.153149;     12.1905;     noimage; 
   -1.43379;     5.04104;     -1.4395;     5.04419;    0.308451;    0.153007;     11.6778;     noimage; 
   -1.38382;      5.0427;    -1.38801;     5.04564;    0.313317;    0.152553;     11.2972;     noimage; 
   -1.33385;     5.04436;    -1.33756;     5.04733;    0.318728;    0.152401;     10.7366;     noimage; 
   -1.28388;     5.04602;    -1.28624;     5.04917;    0.325581;    0.152183;     10.1818;     noimage; 
    -1.2339;     5.04768;    -1.23876;     5.05079;    0.330476;    0.151826;     9.84785;     noimage; 
   -1.18393;     5.04933;    -1.18682;     5.05246;    0.338519;    0.151768;     9.21039;     noimage; 
   -1.13396;     5.05099;    -1.13602;     5.05431;    0.345509;    0.151682;     8.65577;     noimage; 
   -1.08399;     5.05265;    -1.08832;     5.05625;    0.349624;    0.151438;      8.3173;     noimage; 
   -1.03401;     5.05431;    -1.04104;       5.058;    0.353235;    0.151085;     8.09539;     noimage; 
  -0.984041;     5.05597;    -0.99026;     5.05964;     0.35717;     0.15073;     7.87223;     noimage; 
  -0.934069;     5.05763;     -0.9392;     5.06129;    0.362857;    0.150469;     7.55549;     noimage; 
  -0.884071;     5.05804;   -0.889548;     5.06187;    0.368856;    0.150002;     7.38797;     noimage; 
  -0.834114;     5.05595;   -0.836558;     5.05987;    0.377766;    0.150216;     6.87162;     noimage; 
  -0.784226;     5.05261;   -0.788341;     5.05669;    0.383545;    0.149929;     6.66263;     noimage; 
  -0.734337;     5.04927;   -0.738022;     5.05318;    0.387587;    0.150177;     6.39811;     noimage; 
  -0.684449;     5.04593;   -0.688615;     5.04938;    0.393856;    0.150414;     6.12062;     noimage; 
   -0.63456;      5.0426;    -0.64134;     5.04598;    0.397266;    0.151107;     5.84247;     noimage; 
  -0.584672;     5.03926;    -0.59117;     5.04257;    0.401671;    0.151646;     5.64141;     noimage; 
  -0.534784;     5.03592;   -0.537206;     5.03908;    0.407801;    0.152744;     5.29397;     noimage; 
  -0.484895;     5.03258;   -0.490846;     5.03612;    0.412448;    0.153624;     5.07936;     noimage; 
  -0.435007;     5.02924;   -0.438321;      5.0325;    0.418513;    0.154854;      4.8148;     noimage; 
  -0.385118;      5.0259;   -0.389393;     5.02926;    0.423023;    0.156014;     4.64038;     noimage; 
   -0.33523;     5.02257;   -0.336987;     5.02587;    0.428003;    0.157819;     4.31638;     noimage; 
  -0.285341;     5.01923;   -0.290364;     5.02286;     0.43298;     0.15928;     4.12781;     noimage; 
  -0.235453;     5.01589;   -0.238071;     5.01943;    0.437383;    0.161241;     3.88305;     noimage; 
  -0.185565;     5.01255;    -0.18893;     5.01629;    0.441786;    0.163139;     3.66013;     noimage; 
  -0.135676;     5.00921;   -0.141024;     5.01332;    0.446571;    0.165103;     3.47208;     noimage; 
 -0.0857877;     5.00587;  -0.0869221;      5.0097;    0.451319;    0.167103;      3.4209;     noimage; 
 -0.0358993;     5.00254;  -0.0371288;      5.0064;    0.454612;    0.169353;     3.25792;     noimage; 
  0.0139892;      4.9992;   0.0119025;      5.0033;    0.456743;    0.171538;      3.1899;     noimage; 
  0.0638776;     4.99586;   0.0584551;     5.00027;    0.459827;     0.17387;     3.04304;     noimage; 
   0.113766;     4.99252;    0.109708;      4.9969;    0.465504;    0.176561;     2.85589;     noimage; 
   0.163654;     4.98918;    0.157796;     4.99381;    0.468933;    0.179238;     2.68276;     noimage; 
   0.213543;     4.98585;    0.208524;     4.99064;    0.474096;    0.181859;     2.65529;     noimage; 
   0.263431;     4.98251;    0.257285;      4.9875;    0.477604;    0.184715;     2.51994;     noimage; 
    0.31332;     4.97917;    0.311915;     4.98382;    0.481912;    0.187975;     2.40786;     noimage; 
   0.363208;     4.97583;    0.359913;      4.9807;    0.484735;    0.190973;     2.31915;     noimage; 
   0.413097;     4.97249;    0.405727;     4.96688;    0.351331;    0.122528;       1.126;    0.413097; 
   0.462985;     4.96915;    0.456936;     4.96306;    0.355421;    0.122022;    0.857723;     noimage; 
   0.512874;     4.96582;    0.504957;     4.95926;    0.361203;     0.12156;    0.595634;     noimage; 
   0.562762;     4.96248;    0.553038;     4.95551;    0.366661;    0.121211;    0.294225;     noimage; 
    0.61265;     4.95914;    0.604468;     4.95151;    0.370222;    0.120963;  -0.0749968;     noimage; 
   0.662539;      4.9558;    0.655654;     4.94773;    0.374929;    0.120603;   -0.324653;     noimage; 
   0.712427;     4.95246;    0.703834;     4.94396;    0.377863;    0.120342;   -0.576105;     noimage; 
   0.762316;     4.94912;    0.754293;     4.94019;    0.383156;    0.119941;     -0.7477;     noimage; 
   0.812204;     4.94579;    0.802509;     4.93689;    0.386672;    0.119591;   -0.860297;     noimage; 
   0.862093;     4.94245;    0.853976;     4.93312;    0.392122;    0.119216;   -0.959073;     noimage; 
   0.911981;     4.93911;    0.903501;     4.92928;    0.395682;     0.11908;    -1.19601;     noimage; 
   0.961869;     4.93577;    0.953542;     4.92526;    0.399822;    0.118917;    -1.38159;     noimage; 
    1.01176;     4.93243;     1.00415;     4.92147;    0.404695;    0.118891;    -1.65475;     noimage; 
    1.06165;      4.9291;     1.05389;     4.91799;    0.408475;    0.118794;    -1.79582;     noimage; 
    1.11153;     4.92576;     1.10315;     4.91427;    0.412911;    0.118775;    -1.94379;     noimage; 
    1.16142;     4.92242;     1.15218;     4.91032;    0.416628;    0.118856;    -2.12111;     noimage; 
    1.21131;     4.91908;     1.20105;     4.90667;    0.421501;    0.118988;    -2.31013;     noimage; 
     1.2612;     4.91574;     1.25376;     4.90305;    0.424776;    0.119153;    -2.48868;     noimage; 
    1.31109;      4.9124;     1.30444;     4.89912;    0.431036;    0.119324;    -2.59033;     noimage; 
    1.36098;     4.90907;     1.35343;     4.89511;    0.436121;    0.119639;    -2.76778;     noimage; 
    1.41087;     4.90573;     1.40627;     4.89095;    0.439465;    0.119971;    -2.91986;     noimage; 
    1.46082;     4.90364;     1.45257;     4.88839;    0.442777;    0.120324;    -3.06453;     noimage; 
    1.51081;      4.9028;      1.5042;     4.88698;    0.447379;    0.120762;    -3.21601;     noimage; 
    1.56081;     4.90196;     1.55472;     4.88578;    0.450521;    0.121359;    -3.35217;     noimage; 
     1.6108;     4.90112;     1.60384;     4.88429;    0.454422;    0.122105;    -3.42957;     noimage; 
    1.66079;     4.90027;     1.65427;     4.88266;    0.457752;    0.122967;    -3.54488;     noimage; 
    1.71079;     4.89943;     1.70351;     4.88126;     0.46248;    0.124016;       -3.57;     noimage; 
    1.76078;     4.89859;     1.75275;     4.88002;    0.466569;     0.12524;    -3.55849;     noimage; 
    1.81077;     4.89775;      1.8028;     4.87901;    0.471052;    0.126477;    -3.62249;     noimage; 
    1.86077;     4.89691;     1.85174;     4.87777;    0.475086;    0.127946;    -3.59483;     noimage; 
    1.91076;     4.89607;     1.90351;     4.87629;     0.47772;    0.129474;    -3.75356;     noimage; 
    1.96075;     4.89523;     1.95306;     4.87507;    0.483533;    0.131129;    -3.78195;     noimage; 
    2.01074;     4.89439;      2.0023;     4.87402;     0.48869;    0.132851;    -3.82937;     noimage; 
    2.06074;     4.89355;     2.05049;     4.87291;    0.491181;    0.134657;    -3.88624;     noimage; 
    2.11073;     4.89271;     2.10251;     4.87157;    0.495313;    0.136701;    -3.93702;     noimage; 
    2.16072;     4.89187;     2.15395;     4.87039;    0.499902;    0.138925;    -3.92015;     noimage; 
    2.21072;     4.89103;     2.20764;     4.86915;    0.502989;    0.141357;    -3.92712;     noimage; 
    2.26071;     4.89019;     2.25245;     4.86807;    0.505377;    0.143491;    -3.96019;     noimage; 
     2.3107;     4.88935;     2.30405;      4.8667;    0.508529;    0.145951;    -3.98773;     noimage; 
    2.36069;      4.8885;     2.35457;     4.86538;    0.511341;    0.148441;    -4.04875;     noimage; 
    2.41069;     4.88766;     2.40446;     4.86415;    0.513951;    0.151053;    -4.06955;     noimage; 
    2.46068;     4.88682;     2.45159;     4.86305;    0.516757;    0.153622;     -4.0795;     noimage; 
    2.51067;     4.88598;     2.50474;     4.86164;    0.520436;    0.156571;    -4.08212;     noimage; 
    2.56067;     4.88514;     2.55519;     4.86016;    0.522683;    0.159486;    -4.04999;     noimage; 
    2.61066;      4.8843;     2.60487;     4.85892;    0.524881;    0.162305;    -4.11939;     noimage; 
    2.66065;     4.88346;     2.65867;      4.8726;    0.249129;    0.105109;    -7.37686;     2.66065; 
    2.71064;     4.88262;     2.70771;     4.87185;    0.258282;    0.105032;     -7.0672;     noimage; 
    2.76064;     4.88178;     2.75898;     4.87113;    0.264799;    0.104786;    -7.01726;     noimage; 
    2.81063;     4.88094;      2.8093;     4.87025;    0.273203;    0.104696;    -6.80953;     noimage; 
    2.86062;      4.8801;      2.8589;     4.86943;    0.281457;     0.10481;     -6.5316;     noimage; 
    2.91062;     4.87926;     2.90621;     4.86867;    0.285999;    0.104783;     -6.4704;     noimage; 
    2.96061;     4.87842;      2.9589;     4.86796;    0.291925;    0.105029;    -6.22382;     noimage; 
     3.0106;     4.87758;     3.00856;     4.86735;    0.297799;    0.105103;    -6.16259;     noimage; 
     3.0606;     4.87673;     3.05846;     4.86678;    0.304694;    0.105232;     -6.0668;     noimage; 
    3.11059;     4.87589;     3.11048;      4.8662;    0.310918;    0.105318;    -6.05634;     noimage; 
    3.16058;     4.87505;     3.15796;     4.86558;    0.317467;    0.105571;    -5.96526;     noimage; 
    3.21057;     4.87421;      3.2097;     4.86474;    0.326006;     0.10589;    -5.85113;     noimage; 
    3.26057;     4.87337;     3.26162;     4.86375;    0.330261;    0.106307;    -5.79195;     noimage; 
    3.31056;     4.87253;     3.30874;     4.86313;    0.334153;    0.106741;    -5.76834;     noimage; 
    3.36055;     4.87169;     3.35978;      4.8625;    0.338699;    0.107215;    -5.75617;     noimage; 
    3.41055;     4.87085;     3.40893;     4.86172;    0.345437;    0.107903;    -5.62242;     noimage; 
    3.46054;     4.87001;       3.461;     4.86082;    0.350085;    0.108499;     -5.6622;     noimage; 
    3.51053;     4.86917;     3.50881;     4.86013;    0.354982;    0.109186;    -5.63992;     noimage; 
    3.56052;     4.86833;     3.55727;     4.85964;    0.361488;    0.109922;    -5.60032;     noimage; 
    3.61052;     4.86749;     3.61173;     4.85908;    0.366343;    0.110756;    -5.64405;     noimage; 
    3.66051;     4.86665;     3.66018;     4.85836;    0.371081;    0.111607;    -5.65173;     noimage; 
     3.7105;     4.86581;     3.71106;     4.85762;     0.37536;    0.112514;    -5.69993;     noimage; 
     3.7605;     4.86497;     3.75925;     4.85695;    0.381471;    0.113414;    -5.73196;     noimage; 
    3.81049;     4.86412;     3.80603;     4.85618;    0.386118;    0.114417;    -5.74752;     noimage; 
    3.86048;     4.86328;     3.86004;     4.85507;    0.388625;    0.115751;    -5.74365;     noimage; 
    3.91048;     4.86244;      3.9092;     4.85397;     0.39287;    0.116859;    -5.81435;     noimage; 
    3.96047;      4.8616;     3.95802;     4.85302;    0.397902;    0.118323;    -5.70077;     noimage; 
    4.01046;     4.86076;     4.00681;     4.85217;    0.401456;    0.119523;     -5.7645;     noimage; 
    4.06045;     4.85992;     4.05883;     4.85128;    0.405366;    0.121036;    -5.75524;     noimage; 
    4.11045;     4.85908;     4.10995;     4.85048;    0.409446;     0.12264;    -5.73474;     noimage; 
    4.16044;     4.85824;     4.15975;     4.84977;    0.413028;    0.124166;    -5.74824;     noimage; 
    4.21043;      4.8574;     4.20963;     4.84908;    0.417756;    0.125739;    -5.76125;     noimage; 
    4.26043;     4.85656;     4.25855;     4.84826;    0.421895;    0.127414;    -5.73847;     noimage; 
    4.31042;     4.85572;     4.30757;     4.84749;     0.42699;    0.128839;    -5.84105;     noimage; 
    4.36041;     4.85488;     4.35625;     4.84679;    0.431063;    0.130619;      -5.805;     noimage; 
    4.41037;     4.85279;     4.40772;     4.84483;    0.435286;    0.132476;    -5.81077;     noimage; 
    4.46016;      4.8482;      4.4604;     4.84019;    0.437692;    0.134524;    -5.88462;     noimage; 
    4.50966;     4.84114;     4.50628;     4.83362;    0.441763;    0.136537;    -6.02847;     noimage; 
    4.55874;      4.8316;     4.55797;     4.82365;    0.445182;    0.139191;     -6.2531;     noimage; 
    4.60728;     4.81963;     4.60101;     4.81307;    0.448165;    0.141987;    -6.53114;     noimage; 
    4.65517;     4.80525;     4.65337;     4.79731;    0.450893;    0.145685;    -6.79221;     noimage; 
    4.70228;     4.78849;     4.69982;     4.78098;     0.45311;    0.149532;    -7.07865;     noimage; 
    4.74849;     4.76939;     4.74472;     4.76292;    0.457068;    0.154096;    -7.49307;     noimage; 
    4.79369;     4.74801;      4.7925;     4.74039;    0.461314;    0.160149;    -8.04415;     noimage; 
    4.83776;      4.7244;     4.83553;     4.71719;    0.463771;    0.165192;    -8.34875;     noimage; 
     4.8806;     4.69862;     4.87519;     4.69369;      0.4645;    0.170642;    -8.57727;      4.8806; 
     4.9221;     4.67072;     4.92108;     4.66334;    0.466782;     0.17779;    -8.97641;     noimage; 
    4.96215;     4.64079;     4.95695;     4.63655;    0.468583;     0.18401;    -9.28992;     noimage; 
    5.00065;     4.60889;     4.99803;     4.60223;     0.46916;    0.193277;    -9.59741;     noimage; 
    5.03751;     4.57511;     5.03545;     4.56734;    0.471035;    0.202209;     -9.9597;     noimage; 
    5.07264;     4.53953;     5.06851;     4.53366;    0.473494;    0.209817;    -10.2937;     noimage; 
    5.10595;     4.50224;     5.10189;     4.49626;    0.475831;    0.218042;    -10.4738;     noimage; 
    5.13735;     4.46333;     5.13686;     4.45226;    0.478908;    0.227567;    -10.6681;     noimage; 
    5.16676;      4.4229;     5.16364;     4.41498;    0.481789;    0.235471;    -10.9724;     noimage; 
    5.19412;     4.38105;     5.18969;     4.37496;    0.484729;    0.244217;     -11.115;     noimage; 
    5.21935;     4.33788;     5.21575;     4.32996;    0.488038;    0.254944;    -11.1383;     noimage; 
     5.2424;     4.29351;     5.23955;     4.28341;    0.492195;    0.264189;    -11.0092;     noimage; 
     5.2632;     4.24804;      5.2588;     4.24102;    0.495898;    0.273944;    -10.8809;     noimage; 
    5.28169;     4.20159;     5.27818;     4.19241;    0.500742;    0.283794;    -10.7198;     noimage; 
    5.29785;     4.15427;     5.29336;      4.1484;    0.505185;    0.292136;    -10.6255;     noimage; 
    5.31162;      4.1062;     5.30851;     4.09624;    0.511646;    0.302365;    -9.95456;     noimage; 
    5.32297;     4.05751;     5.31949;     4.04897;    0.518235;    0.308787;     -9.1351;     noimage; 
    5.33187;      4.0083;     5.32763;     4.00434;    0.524177;    0.315575;    -8.64157;     noimage; 
     5.3383;     3.95872;     5.33472;     3.94973;    0.532011;     0.32453;    -7.83501;     noimage; 
    5.34224;     3.90888;     5.33847;     3.90349;    0.538989;    0.331349;    -7.11405;     noimage; 
    5.34369;      3.8589;     5.34024;     3.85174;    0.546911;     0.33815;    -6.41727;     noimage; 
    5.34264;     3.80891;     5.33913;     3.79802;    0.555842;     0.34298;    -5.37439;     noimage; 
    5.34034;     3.75896;     5.33712;     3.75464;    0.563551;    0.345806;     -4.4575;     noimage; 
    5.33804;     3.70901;     5.33502;     3.70299;    0.571639;    0.349188;    -4.15711;     noimage; 
    5.33574;     3.65907;     5.33296;      3.6518;    0.580295;     0.35396;    -3.67318;     noimage; 
    5.33344;     3.60912;     5.33085;     3.60262;    0.588825;    0.358066;    -3.27409;     noimage; 
    5.33114;     3.55917;     5.32858;     3.55224;    0.598702;    0.363813;    -2.25418;     noimage; 
    5.32884;     3.50922;     5.32632;     3.50264;    0.608133;     0.36868;    -1.50005;     noimage; 
    5.32654;     3.45928;     5.32405;     3.44966;    0.618485;    0.373125;   -0.794484;     noimage; 
    5.32424;     3.40933;     5.32184;     3.40342;     0.62778;     0.37708;  -0.0837681;     noimage; 
    5.32069;     3.35946;     5.31826;     3.35287;    0.637808;    0.381415;    0.140638;     noimage; 
    5.31466;     3.30982;     5.31288;     3.30454;    0.647735;    0.384524;    0.290648;     noimage; 
    5.30738;     3.26035;     5.30584;     3.25523;    0.658557;    0.388161;    0.783213;     noimage; 
    5.30011;     3.21089;     5.29799;     3.20209;    0.670412;    0.390705;     1.03249;     noimage; 
    5.29283;     3.16142;     5.29111;     3.15497;    0.681241;    0.391932;     1.44745;     noimage; 
    5.28556;     3.11195;     5.28405;     3.10647;    0.692478;    0.395885;     1.61887;     noimage; 
    5.27828;     3.06248;     5.27668;     3.05625;    0.704271;    0.400651;     1.80717;     noimage; 
    5.27101;     3.01301;     5.26973;     3.00882;    0.715496;    0.401385;     1.95799;     noimage; 
    5.26373;     2.96355;     5.26169;     2.95564;    0.728614;    0.404794;     1.97348;     noimage; 
    5.25646;     2.91408;     5.25431;     2.90646;    0.740774;    0.406515;     1.77842;     noimage; 
    5.24918;     2.86461;     5.24722;     2.85874;     0.75292;    0.409238;     1.87137;     noimage; 
    5.24191;     2.81514;     5.24016;     2.81077;     0.76538;      0.4139;     1.99214;     noimage; 
    5.23463;     2.76568;     5.23286;     2.76077;    0.778364;    0.418512;      2.0075;     noimage; 
    5.22736;     2.71621;     5.22544;     2.71071;    0.791741;    0.423577;     2.12234;     noimage; 
    5.22132;     2.66657;     5.21921;     2.65882;      0.8058;    0.425285;     2.19633;     noimage; 
    5.21653;      2.6168;     5.21429;     2.61173;    0.301221;    0.295637;    -39.9327;     5.21653; 
    5.21173;     2.56703;     5.20996;     2.56435;    0.304337;    0.300329;    -40.6466;     noimage; 
    5.20694;     2.51726;     5.20548;     2.51345;    0.307632;    0.305289;    -41.6316;     noimage; 
    5.20215;     2.46749;     5.20106;     2.46387;    0.311916;     0.31034;    -42.1817;     noimage; 
    5.19735;     2.41772;     5.19638;     2.41166;    0.317057;    0.316182;    -42.8497;     noimage; 
    5.19256;     2.36795;     5.19248;     2.36842;    0.320319;      0.3198;    -43.3202;     noimage; 
    5.18777;     2.31819;     5.18776;     2.31377;     0.32599;    0.325955;    -44.5577;     noimage; 
    5.18297;     2.26842;     5.18348;     2.26541;     0.32892;    0.328919;     -45.081;     noimage; 
    5.17818;     2.21865;     5.17917;     2.21628;    0.334479;    0.334222;    -46.2418;     noimage; 
    5.17338;     2.16888;     5.17501;     2.16778;    0.340251;    0.339467;    -47.2136;     noimage; 
    5.16859;     2.11911;     5.17044;     2.11493;    0.346252;    0.344115;    -48.6926;     noimage; 
     5.1638;     2.06934;      5.1661;     2.06537;    0.352235;    0.348333;    -50.0404;     noimage; 
      5.159;     2.01957;     5.16209;     2.01849;    0.354981;     0.35119;    -50.0565;     noimage; 
    5.15421;      1.9698;     5.15763;     1.96594;    0.360714;    0.355685;    -50.9296;     noimage; 
    5.14942;     1.92003;     5.15357;     1.91931;    0.365046;    0.358675;    -51.7265;     noimage; 
    5.14462;     1.87026;     5.14922;     1.86975;     0.36972;    0.362389;    -52.3504;     noimage; 
    5.13983;     1.82049;     5.14472;     1.82022;    0.375816;    0.366198;    -53.4998;     noimage; 
    5.13504;     1.77072;     5.13986;     1.76681;    0.382964;    0.370773;    -54.7409;     noimage; 
    5.13024;     1.72095;     5.13567;     1.71958;    0.388791;    0.374603;    -55.6838;     noimage; 
    5.12545;     1.67118;     5.13108;     1.66874;    0.393292;     0.37779;    -56.3131;     noimage; 
    5.12066;     1.62141;     5.12654;     1.61835;    0.398152;    0.381585;    -56.9419;     noimage; 
    5.11586;     1.57164;     5.12249;     1.56997;      0.4043;    0.384784;    -58.0426;     noimage; 
    5.11107;     1.52187;      5.1178;     1.51686;    0.413466;    0.390709;    -59.6142;     noimage; 
    5.10628;      1.4721;     5.11288;     1.46744;    0.419798;    0.394123;    -60.6886;     noimage; 
    5.10148;     1.42233;     5.10818;     1.41978;    0.427081;    0.398103;    -61.9922;     noimage; 
    5.09669;     1.37256;     5.10403;     1.37238;    0.432156;     0.40128;    -62.7854;     noimage; 
    5.09189;     1.32279;     5.09966;     1.32002;    0.435793;    0.405516;    -63.2215;     noimage; 
     5.0871;     1.27302;      5.0953;        1.27;    0.443243;    0.408978;    -64.5656;     noimage; 
    5.08231;     1.22325;     5.09115;     1.22188;     0.44497;    0.410974;    -64.5116;     noimage; 
    5.07751;     1.17348;     5.08639;     1.16736;    0.454284;    0.414749;    -66.0822;     noimage; 
    5.07272;     1.12371;     5.08217;     1.11998;    0.459091;    0.418096;    -66.7635;     noimage; 
    5.06793;     1.07394;     5.07759;     1.07108;    0.465374;    0.421866;    -67.8175;     noimage; 
    5.06438;     1.02407;     5.07429;     1.01994;     0.47027;    0.424806;    -68.5013;     noimage; 
    5.06208;    0.974122;     5.07276;    0.972454;    0.475622;     0.42803;    -69.3387;     noimage; 
    5.05978;    0.924175;     5.07089;    0.924139;    0.477496;     0.43069;    -69.3571;     noimage; 
    5.05748;    0.874228;     5.06861;    0.872173;    0.486269;    0.434968;    -70.9084;     noimage; 
    5.05518;    0.824281;     5.06661;    0.823027;    0.490951;    0.438638;    -71.6616;     noimage; 
    5.05288;    0.774334;     5.06479;    0.772096;    0.493894;    0.442092;    -72.0439;     noimage; 
    5.05058;    0.724387;      5.0629;    0.721122;    0.500145;    0.445495;    -72.6856;     noimage; 
    5.04828;     0.67444;     5.06088;    0.673157;    0.505198;    0.449183;    -73.5353;     noimage; 
    5.04598;    0.624493;     5.05871;    0.620933;     0.51023;    0.452582;    -73.9078;     noimage; 
    5.04368;    0.574545;     5.05655;    0.569872;    0.515299;    0.456625;    -74.6654;     noimage; 
    5.04138;    0.524598;     5.05432;    0.518869;      0.5197;    0.460255;    -75.2481;     noimage; 
    5.03908;    0.474651;     5.05243;    0.470961;    0.522546;    0.463666;    -75.4607;     noimage; 
    5.03678;    0.424704;     5.05061;    0.421339;    0.527211;    0.466958;    -75.6436;     noimage; 
    5.03448;    0.374757;     5.04057;    0.370707;    0.350931;    0.226884;    -71.4893;     5.03448; 
    5.03218;     0.32481;     5.03789;    0.318754;    0.358263;       0.227;    -72.4814;     noimage; 
    5.02988;    0.274863;     5.03512;    0.270455;    0.365189;    0.226738;    -73.3459;     noimage; 
    5.02758;    0.224916;     5.03221;    0.221273;    0.371734;    0.226357;     -74.162;     noimage; 
    5.02528;    0.174969;     5.02934;     0.16852;    0.379619;     0.22544;    -74.9607;     noimage; 
    5.02298;    0.125022;     5.02698;    0.121979;    0.385019;    0.224645;    -75.5582;     noimage; 
    5.02068;   0.0750748;     5.02445;   0.0727433;    0.391636;    0.224779;    -76.4644;     noimage; 
    5.01838;   0.0251277;     5.02187;   0.0189786;    0.398135;    0.223958;    -77.1686;     noimage; 
    5.01608;  -0.0248193;     5.01956;  -0.0274497;    0.401948;    0.223623;    -77.7707;     noimage; 
    5.01378;  -0.0747664;     5.01681;  -0.0782969;    0.405488;    0.222687;    -78.2503;     noimage; 
    5.01148;   -0.124713;     5.01405;   -0.127646;    0.410594;    0.221732;    -78.7713;     noimage; 
    5.00918;   -0.174661;     5.01136;   -0.178452;    0.417508;    0.220888;    -79.3924;     noimage; 
    5.00688;   -0.224608;     5.00881;   -0.229148;    0.424263;    0.219727;    -79.8924;     noimage; 
    5.00458;   -0.274555;     5.00618;   -0.277989;     0.42953;    0.218747;    -80.3409;     noimage; 
    5.00228;   -0.324502;     5.00362;   -0.325262;    0.432629;    0.217715;     -80.681;     noimage; 
    4.99998;   -0.374449;     5.00068;   -0.379301;    0.439382;    0.216615;    -81.1861;     noimage; 
    4.99768;   -0.424396;     4.99827;   -0.427227;    0.445769;    0.215979;    -81.7303;     noimage; 
    4.99538;   -0.474343;     4.99593;   -0.475618;    0.449033;    0.215344;    -82.1835;     noimage; 
    4.99308;    -0.52429;     4.99323;   -0.526859;     0.45169;    0.214364;    -82.5294;     noimage; 
    4.99078;   -0.574237;     4.99037;   -0.577442;    0.456124;    0.213537;    -82.9698;     noimage; 
    4.98848;   -0.624184;     4.98774;   -0.623406;    0.459105;    0.212939;    -83.3876;     noimage; 
    4.98618;   -0.674131;     4.98527;    -0.67623;    0.466182;    0.212071;    -83.8893;     noimage; 
    4.98388;   -0.724078;     4.98316;   -0.723833;    0.470013;     0.21108;    -84.1585;     noimage; 
    4.98158;   -0.774025;     4.98072;   -0.776448;    0.475024;    0.210344;    -84.6117;     noimage; 
    4.97928;   -0.823972;     4.97834;   -0.826528;     0.47909;    0.209601;    -84.9941;     noimage; 
    4.97697;   -0.873919;     4.97573;    -0.87741;    0.483851;    0.208673;    -85.3022;     noimage; 
    4.97467;   -0.923867;     4.97346;    -0.92575;    0.487821;    0.208256;    -85.7587;     noimage; 
    4.97237;   -0.973814;     4.97078;   -0.976514;    0.493123;    0.207258;    -85.9927;     noimage; 
    4.97132;     -1.0238;     4.96921;    -1.02545;    0.496515;    0.206341;    -86.1748;     noimage; 
    4.97277;    -1.07378;      4.9703;    -1.07602;    0.499551;    0.205641;     -86.471;     noimage; 
    4.97547;    -1.12371;     4.97278;    -1.12652;    0.501973;    0.205041;    -86.5515;     noimage; 
    4.97817;    -1.17364;     4.97523;    -1.17783;    0.506308;    0.204648;    -86.7774;     noimage; 
    4.98087;    -1.22356;     4.97755;    -1.22846;    0.510167;    0.204367;    -86.9848;     noimage; 
    4.98356;    -1.27349;     4.97987;    -1.27656;     0.51406;    0.204236;    -87.0594;     noimage; 
    4.98626;    -1.32342;     4.98248;    -1.32938;    0.520732;    0.204251;     -87.165;     noimage; 
    4.98896;    -1.37334;     4.98455;    -1.37424;    0.523178;     0.20438;    -87.3014;     noimage; 
    4.99166;    -1.42327;     4.98702;    -1.42439;    0.525657;    0.204689;    -87.4377;     noimage; 
    4.99311;    -1.47325;     4.98828;    -1.47692;    0.529434;    0.205109;    -87.5801;     noimage; 
    4.99206;    -1.52324;     4.98689;    -1.52629;    0.532141;    0.205699;    -87.7856;     noimage; 
    4.98851;    -1.57311;     4.98299;    -1.57651;     0.53615;    0.206808;    -88.0806;     noimage; 
    4.98371;    -1.62288;     4.97779;    -1.62607;    0.539861;    0.208096;    -88.3501;     noimage; 
    4.97892;    -1.67265;     4.97274;    -1.67612;    0.543913;    0.209514;    -88.5701;     noimage; 
    4.97413;    -1.72242;      4.9678;    -1.72399;    0.545237;    0.211178;    -88.7371;     noimage; 
    4.96933;    -1.77219;     4.96202;    -1.77826;    0.549894;    0.213512;    -89.0111;     noimage; 
    4.96454;    -1.82196;     4.95745;    -1.82283;    0.550576;    0.215494;    -89.1306;     noimage; 
    4.95975;    -1.87173;     4.95977;    -1.87839;    0.300449;      0.1804;    -84.2261;     4.95975; 
    4.95495;     -1.9215;     4.95486;    -1.92828;    0.309079;    0.179525;     -85.317;     noimage; 
    4.95016;    -1.97127;     4.94996;    -1.97984;    0.315328;    0.178386;    -86.0577;     noimage; 
    4.94537;    -2.02104;      4.9456;    -2.02723;    0.322983;    0.177694;    -87.0482;     noimage; 
    4.94057;    -2.07081;     4.94066;    -2.08177;    0.329463;    0.176645;    -87.8432;     noimage; 
    4.93578;    -2.12058;     4.93621;    -2.12939;    0.334288;    0.175835;    -88.5835;     noimage; 
    4.93098;    -2.17035;     4.93169;     -2.1774;    0.338671;    0.174754;    -89.0627;     noimage; 
    4.92619;    -2.22012;     4.92676;    -2.23085;    0.343235;    0.173887;    -89.9013;     noimage; 
     4.9214;    -2.26989;     4.92217;    -2.27831;    0.347586;    0.172966;     89.5236;     noimage; 
     4.9166;    -2.31966;     4.91744;    -2.32797;    0.352319;    0.171825;     89.1331;     noimage; 
    4.91306;    -2.36953;     4.91392;    -2.37866;    0.355881;     0.17072;     88.6944;     noimage; 
    4.91201;    -2.41952;     4.91292;     -2.4312;    0.363399;    0.169729;     88.5953;     noimage; 
     4.9122;    -2.46952;     4.91343;    -2.47564;    0.368424;    0.169071;      88.475;     noimage; 
     4.9124;    -2.51952;     4.91395;    -2.52771;    0.375036;    0.168428;     88.3494;     noimage; 
     4.9126;    -2.56952;     4.91427;    -2.57622;    0.378457;    0.167977;     88.2189;     noimage; 
     4.9128;    -2.61952;      4.9145;    -2.62819;    0.383198;    0.167572;     87.9555;     noimage; 
      4.913;    -2.66952;     4.91489;    -2.67724;    0.388874;    0.167518;       87.97;     noimage; 
     4.9132;    -2.71952;     4.91539;     -2.7273;     0.39398;    0.167468;     87.8431;     noimage; 
     4.9134;    -2.76952;     4.91578;    -2.77618;    0.397321;    0.167754;      87.988;     noimage; 
     4.9136;    -2.81952;     4.91601;    -2.82624;    0.403043;    0.168014;     87.8041;     noimage; 
     4.9138;    -2.86952;     4.91612;    -2.87883;    0.409668;    0.168459;     87.6834;     noimage; 
      4.914;    -2.91952;     4.91619;    -2.92728;    0.412205;    0.168989;     87.5392;     noimage; 
     4.9142;    -2.96952;      4.9164;    -2.97367;    0.414763;     0.16972;     87.4523;     noimage; 
    4.91439;    -3.01952;     4.91693;    -3.02746;    0.419668;     0.17076;     87.4062;     noimage; 
    4.91459;    -3.06952;     4.91728;    -3.07837;    0.424463;    0.171811;     87.2701;     noimage; 
    4.91479;    -3.11952;     4.91744;    -3.12551;    0.427976;    0.172845;       87.07;     noimage; 
    4.91499;    -3.16952;     4.91799;    -3.17628;    0.430241;    0.174085;     86.8282;     noimage; 
    4.91519;    -3.21952;     4.91864;    -3.22833;    0.433084;    0.175728;     86.7619;     noimage; 
    4.91539;    -3.26952;     4.91903;    -3.28125;    0.436662;    0.177475;     86.6816;     noimage; 
    4.91539;    -3.26952;     4.91903;    -3.28125;    0.436662;    0.177475;     86.6816;     noimage; 
