   trueRobX;    trueRobY;  trueRobPsi;       meanX;       meanY;        varX;        varY;     Observe; 
        0.9;           0;    0.893895; -0.000663159;    0.216295;   0.0152218;     0.88704;         0.9; 
       0.95;           0;    0.943012; -0.000612917;    0.224341;   0.0160285;    0.898558;     noimage; 
          1;           0;    0.995039; -0.000687682;    0.233463;   0.0169647;    0.874825;     noimage; 
       1.05;           0;     1.04744; -0.000913916;    0.242809;   0.0179676;    0.872471;     noimage; 
        1.1;           0;     1.09675;  -0.0010606;    0.249305;   0.0189254;    0.917895;     noimage; 
       1.15;           0;     1.14438; -0.00137785;    0.257101;    0.019958;    0.896191;     noimage; 
        1.2;           0;      1.1972; -0.00148435;    0.263597;   0.0211256;    0.901852;     noimage; 
       1.25;           0;     1.24865; -0.00137548;    0.268262;   0.0223214;    0.941534;     noimage; 
        1.3;           0;     1.29379; -0.00147007;    0.271783;   0.0234488;     0.93794;     noimage; 
       1.35;           0;     1.34772;  -0.0016612;    0.278279;   0.0248553;    0.948961;     noimage; 
    1.39998;  0.00124987;     1.39436; -0.000484116;    0.284499;    0.026147;     1.02219;     noimage; 
    1.44984;  0.00499636;     1.44751;  0.00357954;    0.293275;    0.028386;     1.28133;     noimage; 
    1.49945;   0.0112301;     1.49573;  0.00964221;    0.298964;   0.0313044;     1.55337;     noimage; 
    1.54869;   0.0199355;      1.5469;   0.0187526;    0.304009;   0.0359536;     1.95899;     noimage; 
    1.59743;   0.0310908;     1.59272;    0.029231;    0.308269;    0.040718;     2.33053;     noimage; 
    1.64555;   0.0446682;     1.64391;   0.0436916;    0.315798;   0.0476548;     2.99886;     noimage; 
    1.69293;   0.0606336;     1.68584;   0.0577121;     0.32001;   0.0542332;     3.49227;     noimage; 
    1.73946;   0.0789472;     1.73328;   0.0760977;    0.324434;   0.0624958;     4.08709;     noimage; 
    1.78501;   0.0995633;     1.77971;   0.0967733;    0.327733;   0.0714194;     4.64923;     noimage; 
    1.83003;    0.121312;      1.8229;    0.117197;    0.331117;   0.0796179;      5.1312;     noimage; 
    1.87506;     0.14306;     1.87175;    0.140703;    0.335362;   0.0896455;     5.78094;     noimage; 
    1.92008;    0.164808;     1.91375;    0.160836;    0.338071;   0.0978991;     6.19812;     noimage; 
     1.9651;    0.186556;     1.96152;    0.183593;    0.342285;    0.106818;      6.6606;     noimage; 
    2.01012;    0.208305;     2.00543;     0.20467;    0.346116;    0.114812;     7.01258;     noimage; 
    2.05514;    0.230053;     2.05007;    0.225962;    0.348162;    0.123291;     7.22927;     noimage; 
    2.10017;    0.251801;     2.09695;    0.248474;    0.353515;    0.132894;     7.82054;     noimage; 
    2.14519;    0.273549;     2.13772;     0.26794;    0.356345;    0.140991;     8.14864;     noimage; 
    2.19021;    0.295298;     2.18387;    0.289938;    0.359456;    0.149502;     8.26528;     noimage; 
    2.23523;    0.317046;     2.23142;    0.312652;    0.363698;    0.158267;     8.38729;     noimage; 
    2.28026;    0.338794;     2.28006;    0.335641;    0.367469;    0.167456;      8.5332;     noimage; 
    2.32528;    0.360543;     2.31995;    0.354586;    0.371449;    0.175017;     8.69243;     noimage; 
     2.3703;    0.382291;     2.36562;    0.376661;    0.375506;     0.18403;     8.88766;     noimage; 
    2.41477;    0.405158;     2.40947;    0.399166;    0.379196;    0.192174;     8.82228;     noimage; 
    2.45803;    0.430218;     2.45219;    0.423514;     0.38395;    0.201473;     9.22706;     noimage; 
    2.49999;     0.45741;     2.49491;    0.450792;    0.387269;    0.210574;     9.33633;     noimage; 
    2.54054;    0.486665;     2.53523;    0.479748;    0.392669;    0.219903;     9.76821;     noimage; 
    2.58034;    0.516924;     2.57329;    0.508358;    0.397105;    0.228778;     9.97133;     noimage; 
    2.62015;    0.547184;     2.61682;    0.541002;    0.400529;    0.240302;     10.2857;     noimage; 
    2.65995;    0.577443;     2.65502;    0.570015;    0.404935;    0.249307;     10.3617;     noimage; 
    2.69976;    0.607702;      2.6956;    0.600775;    0.408918;    0.259854;      10.569;     noimage; 
    2.73956;    0.637962;     2.73224;    0.628632;    0.411812;    0.269417;     10.5564;     noimage; 
    2.77937;    0.668221;       2.775;    0.661251;    0.416107;    0.280344;     10.5705;     noimage; 
    2.81917;     0.69848;     2.81389;    0.690641;    0.421307;    0.289756;     10.5473;     noimage; 
    2.85897;     0.72874;     2.85616;    0.722238;    0.427782;    0.299254;     10.1556;     noimage; 
    2.89878;    0.758999;     2.89315;    0.749928;    0.433329;    0.308254;     10.0683;     noimage; 
    2.93858;    0.789258;     2.93356;     0.79686;    0.219483;     0.14182;     20.2801;     2.93858; 
    2.97839;    0.819518;     2.97034;    0.824956;    0.217158;    0.142397;      21.604;     noimage; 
    3.01819;    0.849777;     3.01021;    0.855727;    0.214687;    0.143104;     23.2115;     noimage; 
    3.05799;    0.880036;     3.05097;    0.887132;    0.211746;     0.14359;     24.5194;     noimage; 
     3.0978;    0.910296;       3.093;    0.919288;    0.209435;    0.143913;      25.877;     noimage; 
     3.1376;    0.940555;     3.12901;    0.946737;    0.207247;    0.143937;     26.6771;     noimage; 
    3.17741;    0.970814;     3.16799;    0.976673;    0.205322;    0.143916;     27.5077;     noimage; 
    3.21644;     1.00206;     3.20971;     1.01052;    0.203903;    0.143727;     28.3823;     noimage; 
    3.25387;     1.03522;     3.24798;     1.04476;    0.200853;    0.144036;     29.2783;     noimage; 
    3.28959;      1.0702;     3.28382;     1.08003;    0.197988;    0.144616;      30.306;     noimage; 
    3.32352;     1.10693;     3.31422;     1.11301;    0.195609;    0.145089;     31.1089;     noimage; 
    3.35652;     1.14449;     3.34684;     1.15012;    0.192515;    0.146384;     32.1143;     noimage; 
    3.38951;     1.18206;      3.3793;     1.18698;     0.19028;    0.147479;     32.8485;     noimage; 
    3.42251;     1.21962;      3.4122;     1.22435;    0.188636;    0.148702;     33.4629;     noimage; 
    3.45551;     1.25719;     3.44836;     1.26572;    0.186629;    0.150679;      34.274;     noimage; 
    3.48851;     1.29475;     3.48046;     1.30291;    0.184372;    0.152955;     35.1907;     noimage; 
    3.52151;     1.33231;     3.51095;     1.33841;    0.183602;    0.154617;     35.7157;     noimage; 
    3.55356;     1.37069;     3.54493;     1.37993;    0.182544;    0.157291;     36.4692;     noimage; 
    3.58365;     1.41062;     3.57292;     1.41746;    0.182575;    0.159703;     36.9141;     noimage; 
    3.61171;     1.45201;     3.60229;     1.46093;    0.181988;    0.163847;      37.854;     noimage; 
    3.63767;     1.49474;     3.62882;     1.50475;    0.182386;    0.167793;     38.6361;     noimage; 
    3.66254;     1.53811;     3.65213;     1.54542;     0.18357;    0.171364;     39.1905;     noimage; 
    3.68742;     1.58148;     3.67817;     1.59068;    0.185729;    0.175658;     39.7101;     noimage; 
     3.7123;     1.62486;     3.70281;     1.63345;    0.188195;    0.180133;      40.258;     noimage; 
    3.73718;     1.66823;     3.72656;     1.67482;    0.191259;    0.184808;     40.7218;     noimage; 
    3.76206;      1.7116;     3.75174;     1.71854;    0.194875;    0.190195;     41.3284;     noimage; 
    3.78694;     1.75497;     3.77774;     1.76296;    0.198802;     0.19517;     41.7638;     noimage; 
    3.81182;     1.79834;     3.80238;     1.80522;    0.203426;    0.200799;     42.2131;     noimage; 
    3.83669;     1.84171;      3.8289;     1.85104;    0.208277;    0.206403;     42.6363;     noimage; 
    3.86157;     1.88508;     3.85233;     1.89168;    0.213002;    0.211634;      42.966;     noimage; 
    3.88645;     1.92845;     3.87874;     1.93753;    0.218683;    0.217911;     43.4626;     noimage; 
    3.91133;     1.97182;     3.90221;     1.97843;    0.223997;    0.223523;     43.7854;     noimage; 
    3.93621;      2.0152;     3.92654;     2.02103;    0.229702;    0.229361;     43.9566;     noimage; 
    3.96109;     2.05857;     3.95235;     2.06583;    0.236794;    0.236759;     44.6592;     noimage; 
    3.98597;     2.10194;     3.97576;     2.10661;    0.242359;     0.24234;     44.7502;     noimage; 
    4.01084;     2.14531;     4.00126;     2.15122;    0.249548;    0.249517;     45.3244;     noimage; 
    4.03572;     2.18868;     4.02771;     2.19707;    0.256227;    0.256169;     45.4465;     noimage; 
     4.0606;     2.23205;     4.05057;     2.23694;    0.262644;    0.262482;     45.7576;     noimage; 
    4.08548;     2.27542;     4.07546;     2.28025;    0.269715;    0.269446;      45.989;     noimage; 
    4.11036;     2.31879;      4.1013;     2.32457;    0.276662;    0.276366;     46.0522;     noimage; 
    4.13415;     2.36277;     4.12558;     2.36897;     0.28361;    0.283299;     46.0897;     noimage; 
     4.1557;     2.40789;     4.14623;     2.41183;    0.290059;    0.289778;     46.0469;     noimage; 
    4.17498;     2.45402;     4.16614;     2.45858;    0.298065;    0.297665;      46.269;     noimage; 
    4.19193;     2.50106;     4.18234;     2.50272;    0.305268;    0.304773;     46.4296;     noimage; 
     4.2065;     2.54889;      4.1977;     2.55319;    0.313127;    0.312618;     46.4708;     noimage; 
    4.21867;     2.59739;     4.20969;     2.60074;    0.320961;    0.320433;     46.5242;     4.21867; 
     4.2284;     2.64643;     4.21953;     2.64836;    0.327553;    0.327259;     46.1564;     noimage; 
    4.23566;      2.6959;     4.22774;     2.70086;    0.336084;    0.335741;     46.2668;     noimage; 
    4.24169;     2.74554;     4.23387;     2.74767;    0.343189;    0.342967;     46.0335;     noimage; 
    4.24771;     2.79517;     4.24071;     2.80081;    0.353096;    0.352929;     45.9211;     noimage; 
    4.25374;     2.84481;     4.24679;     2.84839;    0.361369;    0.361356;     45.2559;     noimage; 
    4.25976;     2.89444;      4.2538;     2.90305;    0.372167;    0.372166;     45.0922;     noimage; 
    4.26579;     2.94408;     4.25965;     2.94788;    0.379445;    0.379332;     44.1763;     noimage; 
    4.27057;     2.99385;     4.26479;     2.99795;    0.387898;    0.387606;     43.6515;     noimage; 
    4.27286;      3.0438;     4.26722;     3.04772;    0.396765;    0.396205;     43.0987;     noimage; 
    4.27265;      3.0938;     4.26724;     3.09643;    0.405072;    0.404036;     42.3682;     noimage; 
    4.26994;     3.14372;     4.26499;     3.14603;    0.414301;    0.412645;     41.6037;     noimage; 
    4.26474;     3.19345;     4.26021;     3.19671;    0.423768;    0.420332;     39.9982;     noimage; 
    4.25706;     3.24286;     4.25323;     3.24402;    0.433537;    0.427468;     38.1969;     noimage; 
    4.24692;     3.29182;      4.2435;     3.29284;    0.443021;    0.433598;     36.4221;     noimage; 
    4.23556;     3.34051;     4.23282;     3.33947;    0.452447;    0.440656;     35.2965;     noimage; 
     4.2242;     3.38921;     4.22045;     3.39322;    0.465521;    0.447823;     32.9098;     noimage; 
    4.21284;      3.4379;     4.20938;     3.44141;    0.477528;    0.454663;     31.0682;     noimage; 
    4.20148;     3.48659;     4.19887;     3.48787;    0.490739;    0.461634;     28.9851;     noimage; 
    4.19012;     3.53528;      4.1877;     3.53772;    0.503246;    0.467171;     27.1125;     noimage; 
    4.17876;     3.58398;     4.17721;     3.58435;    0.517682;    0.470354;     24.3869;     noimage; 
     4.1674;     3.63267;     4.16567;     3.63473;    0.529966;    0.473929;      22.779;     noimage; 
    4.15604;     3.68136;     4.15475;     3.68258;    0.546011;    0.479811;     20.5046;     noimage; 
    4.14468;     3.73005;     4.14329;     3.73345;    0.560566;    0.483392;     18.6749;     noimage; 
    4.13332;     3.77874;     4.13203;     3.78241;    0.574836;    0.487045;     17.0392;     noimage; 
    4.12075;     3.82714;     4.11969;     3.83058;     0.58644;    0.492337;     16.3447;     noimage; 
    4.10577;     3.87484;     4.10537;     3.87735;    0.598083;    0.495234;     15.5368;     noimage; 
    4.08843;     3.92174;     4.08736;     3.92724;    0.612899;    0.498441;     14.2285;     noimage; 
    4.06876;     3.96771;     4.06828;     3.97256;    0.623875;    0.500313;      13.724;     noimage; 
    4.04682;     4.01264;     4.04659;     4.01727;    0.632884;    0.502515;      13.724;     noimage; 
    4.02377;     4.05701;     4.02228;     4.06479;    0.643327;     0.50628;     13.6547;     noimage; 
    4.00072;     4.10138;     4.00248;     4.10348;    0.653283;    0.508327;      13.363;     noimage; 
    3.97766;     4.14574;     3.97979;     4.14792;    0.662183;    0.510451;      13.499;     noimage; 
    3.95461;     4.19011;     3.95564;     4.19558;    0.673164;    0.515289;     13.4853;     noimage; 
    3.93156;     4.23448;      3.9338;     4.23846;    0.683821;    0.519108;     13.3544;     noimage; 
     3.9074;     4.27826;     3.90893;     4.28459;    0.694903;    0.522027;     13.3339;     noimage; 
    3.88109;     4.32077;     3.88436;     4.32513;    0.707397;    0.522356;     12.9697;     noimage; 
    3.85268;     4.36192;     3.85633;      4.3666;    0.718329;      0.5238;     12.9659;     noimage; 
    3.82226;      4.4016;     3.82782;      4.4049;     0.72652;    0.526915;     13.2347;     noimage; 
    3.78988;     4.43971;     3.79655;      4.4428;    0.735971;    0.528204;      13.395;     noimage; 
    3.75565;     4.47615;      3.7584;     4.48389;    0.747812;    0.530015;     13.4769;     noimage; 
    3.71964;     4.51083;     3.72126;     4.51986;    0.756366;    0.530331;     13.8216;     noimage; 
    3.68277;      4.5446;     3.69113;     4.54793;    0.760855;    0.530544;     14.2722;     noimage; 
     3.6459;     4.57838;     3.65326;     4.58342;    0.769487;    0.534128;      14.601;     noimage; 
    3.60903;     4.61215;     3.61582;     4.61807;    0.778905;    0.535565;     14.8422;     noimage; 
    3.57216;     4.64592;     3.59061;     4.64463;    0.448397;    0.285091;    -5.73354;     3.57216; 
    3.53445;     4.67876;     3.55202;     4.67882;    0.453847;    0.289434;    -5.80013;     noimage; 
    3.49516;     4.70968;     3.51356;     4.71005;    0.459084;    0.293369;    -5.64151;     noimage; 
    3.45436;     4.73859;     3.47308;     4.73959;    0.465071;    0.297119;    -5.55179;     noimage; 
    3.41218;     4.76543;     3.43075;     4.76714;     0.47166;    0.300267;    -5.33155;     noimage; 
     3.3687;     4.79013;     3.38873;     4.79157;    0.476906;    0.304216;    -5.20797;     noimage; 
    3.32462;     4.81373;     3.34372;     4.81644;    0.482722;    0.308939;    -5.10647;     noimage; 
    3.28054;     4.83733;     3.29982;     4.84081;    0.488286;    0.312764;    -4.68726;     noimage; 
    3.23647;     4.86093;     3.25614;     4.86511;     0.49484;    0.316108;    -4.13607;     noimage; 
    3.19239;     4.88453;     3.21276;     4.88921;    0.501335;    0.320595;    -3.82653;     noimage; 
    3.14831;     4.90813;     3.16972;     4.91313;    0.507396;    0.324966;    -3.46243;     noimage; 
    3.10423;     4.93174;     3.12569;     4.93778;    0.512091;    0.329042;    -2.72836;     noimage; 
    3.06015;     4.95534;     3.08557;     4.96007;    0.514926;    0.332584;    -1.81878;     noimage; 
    3.01549;     4.97783;     3.03853;     4.98424;    0.521431;    0.337669;    -1.36829;     noimage; 
    2.96977;     4.99806;     2.99444;     5.00418;    0.526786;    0.341474;   -0.652508;     noimage; 
    2.92309;     5.01598;     2.94608;     5.02325;    0.533374;    0.346738;   -0.195116;     noimage; 
    2.87558;     5.03155;      2.9016;     5.03851;    0.536114;    0.351615;    0.500526;     noimage; 
    2.82769;     5.04592;     2.85434;     5.05351;    0.540114;    0.356017;     1.37673;     noimage; 
     2.7798;      5.0603;     2.80679;     5.06826;    0.544054;    0.361194;     2.07568;     noimage; 
    2.73191;     5.07467;      2.7606;     5.08264;    0.548908;    0.366514;     2.78826;     noimage; 
    2.68402;     5.08905;     2.70954;     5.09852;    0.552861;    0.372084;     3.70289;     noimage; 
    2.63613;     5.10342;     2.66249;     5.11328;    0.556687;    0.377575;     4.56391;     noimage; 
    2.58824;     5.11779;     2.61633;     5.12799;    0.561867;    0.384579;     4.86148;     noimage; 
    2.54035;     5.13217;     2.56796;     5.14337;    0.567217;    0.391265;     5.45651;     noimage; 
    2.49246;     5.14654;     2.51824;      5.1592;    0.567879;    0.397775;     6.51057;     noimage; 
    2.44457;     5.16092;     2.46953;     5.17483;    0.570784;    0.404067;     7.34694;     noimage; 
    2.39668;     5.17529;     2.42089;     5.19024;    0.572329;    0.409661;     8.53352;     noimage; 
    2.34879;     5.18966;     2.37964;     5.20324;    0.573502;    0.414933;     9.45827;     noimage; 
     2.3009;     5.20404;     2.33071;     5.21881;    0.575223;    0.422012;     10.3321;     noimage; 
    2.25302;     5.21841;     2.28616;     5.23281;    0.578516;    0.428045;     11.1017;     noimage; 
    2.20478;     5.23158;     2.23423;     5.24763;    0.581951;    0.435007;     12.0503;     noimage; 
    2.15595;     5.24233;     2.18174;      5.2599;    0.584949;    0.442696;     12.9772;     noimage; 
    2.10664;     5.25062;     2.13466;     5.26867;    0.585492;    0.449246;     14.0433;     noimage; 
    2.05698;     5.25644;      2.0853;     5.27523;    0.584027;    0.455787;     15.3318;     noimage; 
    2.00709;     5.25976;     2.03996;     5.27895;     0.58529;    0.461951;     16.2418;     noimage; 
     1.9571;     5.26059;     1.98491;     5.28062;    0.584797;     0.46939;     17.5852;     noimage; 
    1.90713;     5.25892;     1.93653;     5.27955;    0.581828;    0.476054;     18.9712;     noimage; 
    1.85721;       5.256;     1.88733;     5.27751;    0.581701;     0.48317;     20.1285;     noimage; 
    1.80739;     5.25184;     1.84228;     5.27478;    0.581842;    0.489792;     21.1929;     noimage; 
    1.75783;     5.24519;     1.78958;      5.2689;    0.579079;    0.497096;     22.8271;     noimage; 
    1.70867;     5.23607;     1.74366;     5.26128;    0.576593;    0.503519;     24.3554;     noimage; 
    1.66002;      5.2245;     1.69267;      5.2502;    0.571976;    0.510735;     26.2043;     noimage; 
    1.61202;     5.21052;     1.64325;     5.23673;    0.570537;    0.518447;     27.6651;     noimage; 
    1.56477;     5.19416;      1.5944;     5.22049;    0.570236;    0.526416;     29.0871;     noimage; 
     1.5184;     5.17546;     1.55315;      5.2047;    0.568212;    0.533132;     30.7597;     noimage; 
    1.47303;     5.15446;     1.48933;     5.15994;    0.345901;    0.224035;    -4.98432;     1.47303; 
    1.42819;     5.13233;     1.44728;     5.13925;    0.352342;    0.230038;    -3.42047;     noimage; 
    1.38335;      5.1102;     1.40017;     5.11633;    0.357814;    0.235271;    -2.29265;     noimage; 
    1.33851;     5.08808;     1.35506;     5.09459;    0.362715;     0.23997;    -1.29433;     noimage; 
    1.29367;     5.06595;     1.31373;     5.07467;    0.366426;     0.24479;   -0.258314;     noimage; 
    1.24884;     5.04383;     1.26592;      5.0517;    0.371305;    0.249597;    0.698251;     noimage; 
      1.204;      5.0217;     1.21736;     5.02852;     0.37632;    0.254293;     1.57349;     noimage; 
    1.15916;     4.99957;     1.17633;     5.00872;    0.377473;    0.258943;     2.13356;     noimage; 
    1.11432;     4.97745;     1.12867;     4.98578;    0.380348;    0.264951;     3.36407;     noimage; 
    1.06948;     4.95532;     1.08208;     4.96375;    0.384214;     0.26976;     4.10135;     noimage; 
    1.02465;      4.9332;     1.03757;     4.94258;    0.387671;    0.274437;     4.85363;     noimage; 
   0.979809;     4.91107;     0.99801;     4.92377;    0.389974;    0.278667;     5.40672;     noimage; 
   0.935538;     4.88783;    0.952892;     4.90113;     0.39452;    0.283202;      6.1939;     noimage; 
   0.892484;     4.86241;    0.906017;     4.87429;    0.397667;    0.288605;     6.88441;     noimage; 
   0.850755;     4.83486;    0.863963;     4.84694;    0.399023;    0.293624;     7.15229;     noimage; 
   0.810454;     4.80527;    0.825159;     4.81882;    0.400066;    0.298103;     7.13749;     noimage; 
   0.770905;     4.77468;    0.785415;      4.7886;    0.402599;    0.304441;     8.24834;     noimage; 
   0.731357;     4.74408;    0.745698;     4.75861;    0.404675;    0.311116;     9.43479;     noimage; 
   0.691809;     4.71349;    0.705007;     4.72806;    0.407141;    0.316918;     10.0024;     noimage; 
    0.65226;      4.6829;    0.664849;     4.69743;    0.407879;     0.32372;     10.6142;     noimage; 
   0.612712;      4.6523;    0.628074;     4.66911;    0.410234;    0.329351;     11.2444;     noimage; 
   0.573164;     4.62171;    0.587978;     4.63834;    0.412305;    0.336064;     12.2826;     noimage; 
   0.533615;     4.59112;    0.543536;     4.60466;    0.414685;    0.343154;     12.7956;     noimage; 
   0.494067;     4.56053;    0.506646;     4.57697;     0.41711;    0.349296;     13.6795;     noimage; 
   0.454518;     4.52993;    0.466155;     4.54619;    0.420349;    0.355501;      13.992;     noimage; 
    0.41497;     4.49934;    0.425087;     4.51494;    0.422172;    0.362494;     14.7267;     noimage; 
   0.375422;     4.46875;    0.385692;     4.48537;    0.424818;    0.368832;     14.9003;     noimage; 
   0.335873;     4.43815;    0.343859;     4.45406;     0.42769;     0.37605;     15.4863;     noimage; 
   0.296325;     4.40756;     0.30495;     4.42467;    0.431026;    0.382306;     15.8108;     noimage; 
   0.256776;     4.37697;    0.266285;     4.39513;    0.434895;    0.388642;      16.249;     noimage; 
   0.217228;     4.34638;    0.222978;     4.36214;    0.440066;    0.395221;     15.9994;     noimage; 
    0.17768;     4.31578;    0.187001;     4.33496;    0.444556;    0.400794;     15.4732;     noimage; 
   0.138131;     4.28519;    0.148778;     4.30616;     0.44763;    0.407926;     16.1592;     noimage; 
  0.0985829;      4.2546;    0.109692;     4.27692;    0.452306;     0.41465;     16.2124;     noimage; 
  0.0590345;       4.224;   0.0662356;     4.24431;    0.458145;    0.421843;     16.0223;     noimage; 
  0.0202632;     4.19243;   0.0275481;      4.2135;    0.461845;    0.429384;     16.7652;     noimage; 
 -0.0168817;     4.15896;  -0.0101006;     4.18042;    0.467807;    0.435604;     15.4389;     noimage; 
 -0.0523073;     4.12368;  -0.0452359;     4.14657;    0.472874;    0.441905;     14.1744;     noimage; 
 -0.0868399;     4.08752;  -0.0796611;     4.11157;     0.47629;    0.450009;     14.8083;     noimage; 
  -0.121372;     4.05136;    -0.11736;     4.07299;    0.480991;    0.458438;     15.6326;     noimage; 
  -0.155905;      4.0152;   -0.149662;     4.04024;    0.484696;    0.466003;     16.6792;     noimage; 
  -0.190438;     3.97904;   -0.187697;     4.00185;    0.490663;    0.473805;     14.0156;     noimage; 
   -0.22497;     3.94288;   -0.221389;     3.96791;    0.496506;     0.48031;     11.7134;     noimage; 
  -0.259503;     3.90672;   -0.256578;     3.93206;    0.502655;    0.487086;     7.10615;     noimage; 
  -0.294035;     3.87056;   -0.289358;     3.89836;    0.507367;    0.493288;    0.657663;     noimage; 
  -0.328568;      3.8344;   -0.324774;     3.86247;    0.511464;    0.500063;     -7.1469;   -0.328568; 
    -0.3631;     3.79824;   -0.361192;     3.82564;    0.511765;    0.506361;    -22.2408;     noimage; 
  -0.397633;     3.76208;   -0.397452;     3.78866;     0.51148;    0.510197;    -35.9985;     noimage; 
  -0.432165;     3.72592;    -0.43073;     3.75474;    0.514272;    0.514169;    -42.7389;     noimage; 
  -0.466698;     3.68976;   -0.467547;     3.71735;    0.517654;    0.517173;    -49.2374;     noimage; 
  -0.501231;      3.6536;   -0.503845;     3.68025;    0.522508;    0.521361;    -51.0006;     noimage; 
  -0.535763;     3.61745;    -0.53688;     3.64621;    0.526717;     0.52408;    -53.3383;     noimage; 
  -0.570296;     3.58129;   -0.570946;     3.61103;    0.532313;    0.528039;    -54.9795;     noimage; 
  -0.603914;     3.54427;   -0.604775;     3.57466;    0.534863;    0.530579;    -54.2556;     noimage; 
   -0.63564;     3.50563;   -0.636739;     3.53718;    0.538802;     0.53344;    -54.7418;     noimage; 
  -0.665395;     3.46545;   -0.667833;     3.49682;    0.540449;    0.534937;    -54.1748;     noimage; 
  -0.694136;     3.42453;    -0.69613;      3.4578;     0.54541;    0.538814;    -54.6397;     noimage; 
  -0.722877;     3.38362;   -0.725807;     3.41724;    0.550719;    0.543463;    -54.7854;     noimage; 
  -0.751618;      3.3427;   -0.756314;     3.37589;    0.555751;    0.547005;    -55.2873;     noimage; 
  -0.780359;     3.30179;   -0.785281;     3.33619;    0.559324;    0.550026;    -55.1803;     noimage; 
  -0.809101;     3.26088;   -0.815765;     3.29419;    0.563255;    0.552705;      -55.35;     noimage; 
  -0.837842;     3.21996;   -0.843972;     3.25518;    0.565123;    0.554831;    -54.8055;     noimage; 
  -0.866583;     3.17905;   -0.874804;     3.21243;    0.567805;    0.557657;    -54.3583;     noimage; 
  -0.895324;     3.13814;   -0.903494;     3.17315;    0.568618;     0.55919;    -53.6475;     noimage; 
  -0.924065;     3.09722;   -0.932475;     3.13375;     0.57035;     0.56203;    -52.8734;     noimage; 
  -0.952806;     3.05631;    -0.96345;     3.09186;    0.574149;    0.564848;    -53.0435;     noimage; 
  -0.981548;     3.01539;    -0.99156;     3.05352;     0.57681;    0.567953;    -52.6392;     noimage; 
   -1.01029;     2.97448;    -1.02092;       3.013;    0.579527;    0.569817;    -52.7266;     noimage; 
   -1.03903;     2.93357;    -1.05167;     2.97067;    0.584979;     0.57355;     -53.168;     noimage; 
   -1.06777;     2.89265;    -1.08062;     2.93135;    0.589214;    0.576703;    -53.3306;     noimage; 
   -1.09651;     2.85174;    -1.11185;     2.88874;    0.592191;    0.579668;    -53.1074;     noimage; 
   -1.12525;     2.81082;     -1.1379;     2.85287;    0.595983;    0.582068;    -53.3496;     noimage; 
   -1.15399;     2.76991;    -1.16863;     2.81084;    0.598469;    0.584798;    -53.0659;     noimage; 
   -1.18274;       2.729;    -1.19822;     2.76991;    0.600734;    0.588964;    -52.3453;     noimage; 
   -1.21148;     2.68808;    -1.22628;     2.73107;    0.605052;    0.592359;    -52.4756;     noimage; 
   -1.24022;     2.64717;    -1.25747;     2.68861;    0.609076;     0.59594;    -52.4438;     noimage; 
   -1.26896;     2.60626;    -1.28685;     2.64831;    0.610022;    0.597748;    -52.0147;     noimage; 
   -1.29871;     2.56607;    -1.31614;     2.60997;    0.611247;    0.599319;    -51.7514;     noimage; 
   -1.33044;     2.52743;    -1.34771;     2.57279;      0.6151;    0.603834;    -51.4657;     noimage; 
   -1.36312;     2.48959;    -1.38403;     2.53209;    0.617272;    0.605656;    -51.3963;     noimage; 
   -1.39581;     2.45175;    -1.41698;     2.49543;    0.619753;    0.607901;    -51.3284;     noimage; 
   -1.42849;     2.41391;    -1.44994;     2.45861;    0.620055;    0.609361;    -50.8747;     noimage; 
   -1.46117;     2.37607;     -1.4808;     2.42406;    0.624558;    0.613169;    -50.9793;     noimage; 
   -1.49385;     2.33823;    -1.51379;      2.3873;    0.627901;    0.616721;    -50.8271;     noimage; 
   -1.52653;     2.30039;    -1.55056;     2.34682;    0.631143;    0.619815;    -50.7512;     noimage; 
   -1.55922;     2.26255;    -1.58284;      2.3114;    0.631382;    0.620961;    -50.4002;     noimage; 
    -1.5919;     2.22471;    -1.61587;     2.27492;    0.633531;    0.622962;    -50.3382;     noimage; 
   -1.62458;     2.18687;    -1.64963;     2.23723;    0.636275;    0.625719;    -50.2461;     noimage; 
   -1.65726;     2.14903;    -1.68083;     2.20198;    0.637691;    0.627327;    -50.1047;     noimage; 
   -1.68994;     2.11119;     -1.7183;     2.15967;     0.64205;     0.63165;    -50.0353;     noimage; 
   -1.72263;     2.07335;    -1.74818;     2.12616;    0.644212;    0.633756;    -49.9747;    -1.72263; 
   -1.75435;      2.0347;    -1.78338;     2.08489;     0.64549;    0.634375;    -50.0172;     noimage; 
   -1.78411;     1.99452;    -1.81407;     2.04512;    0.644511;    0.634204;    -49.7266;     noimage; 
   -1.81285;      1.9536;    -1.84417;     2.00432;    0.644959;    0.635182;    -49.5152;     noimage; 
   -1.84159;     1.91269;    -1.87047;     1.96874;     0.64538;    0.636773;    -49.1733;     noimage; 
   -1.87033;     1.87178;    -1.90037;     1.92816;    0.646793;    0.638742;    -48.9715;     noimage; 
   -1.89907;     1.83086;    -1.93095;     1.88659;    0.647314;    0.640104;    -48.6928;     noimage; 
   -1.92781;     1.78995;    -1.96125;     1.84542;    0.647261;    0.640408;    -48.5316;     noimage; 
   -1.95656;     1.74904;    -1.99087;     1.80538;    0.652155;    0.644704;    -48.6437;     noimage; 
    -1.9853;     1.70812;    -2.02101;     1.76474;     0.65189;    0.645666;    -48.2738;     noimage; 
   -2.01404;     1.66721;     -2.0505;     1.72493;    0.655261;    0.649138;     -48.209;     noimage; 
   -2.04278;     1.62629;     -2.0801;     1.68492;    0.657769;    0.651634;    -48.1682;     noimage; 
   -2.07152;     1.58538;    -2.11076;     1.64362;     0.65968;    0.654335;    -47.9176;     noimage; 
   -2.10026;     1.54447;      -2.141;     1.60311;    0.661803;    0.657484;    -47.5913;     noimage; 
     -2.129;     1.50355;     -2.1696;     1.56448;      0.6661;    0.661746;    -47.5771;     noimage; 
   -2.15774;     1.46264;    -2.19911;     1.52465;    0.667879;    0.664264;    -47.3192;     noimage; 
   -2.18648;     1.42172;    -2.22853;     1.48501;    0.670045;    0.666798;     -47.171;     noimage; 
   -2.21523;     1.38081;    -2.25704;     1.44623;    0.671363;    0.668855;    -46.8845;     noimage; 
   -2.24397;      1.3399;    -2.28724;     1.40484;    0.674004;    0.671522;    -46.8515;     noimage; 
   -2.27271;     1.29898;    -2.31755;     1.36284;    0.676766;    0.674326;    -46.8135;     noimage; 
   -2.30145;     1.25807;    -2.34681;     1.32213;    0.679906;    0.677844;    -46.6497;     noimage; 
   -2.33019;     1.21716;    -2.37574;     1.28281;    0.682025;    0.680125;    -46.5645;     noimage; 
   -2.35893;     1.17624;    -2.40597;     1.24211;    0.683311;    0.681583;    -46.4718;     noimage; 
   -2.38767;     1.13533;    -2.43415;     1.20395;    0.686291;    0.684369;    -46.5364;     noimage; 
   -2.41641;     1.09441;    -2.46604;     1.16067;    0.690765;    0.689205;    -46.3719;     noimage; 
   -2.44516;      1.0535;     -2.4956;     1.12049;    0.694285;    0.692893;     -46.284;     noimage; 
    -2.4739;     1.01259;     -2.5222;     1.08429;    0.696956;    0.695752;    -46.1832;     noimage; 
   -2.50264;    0.971672;    -2.55346;     1.04181;    0.698164;    0.696911;      -46.19;     noimage; 
   -2.53239;    0.931489;    -2.58383;     1.00308;    0.699767;    0.698753;    -46.0589;     noimage; 
   -2.56412;    0.892844;    -2.61682;    0.965133;    0.702015;    0.701155;    -45.9644;     noimage; 
    -2.5968;    0.855004;    -2.65064;    0.928095;    0.704967;    0.704164;     -45.923;     noimage; 
   -2.62948;    0.817164;    -2.68453;    0.890902;    0.707622;    0.706854;    -45.8938;     noimage; 
   -2.66217;    0.779324;    -2.72054;    0.851674;    0.710043;    0.709318;    -45.8589;     noimage; 
   -2.69485;    0.741484;    -2.75302;    0.816305;    0.712565;    0.711931;    -45.7956;     noimage; 
   -2.72753;    0.703643;    -2.78701;    0.778976;    0.716236;    0.715605;     -45.787;     noimage; 
   -2.76021;    0.665803;    -2.81929;    0.743633;    0.718128;    0.717395;    -45.8393;     noimage; 
   -2.79289;    0.627963;    -2.85316;    0.706542;    0.720314;    0.719635;    -45.7995;     noimage; 
   -2.82558;    0.590123;    -2.88825;    0.667978;    0.725274;    0.724725;    -45.7141;     noimage; 
    -2.8573;    0.551478;    -2.91966;    0.631647;    0.726141;    0.725606;    -45.6965;     noimage; 
   -2.88706;    0.511295;    -2.95172;    0.590226;    0.729095;    0.728854;    -45.4635;     noimage; 
   -2.91477;    0.469676;    -2.97989;    0.549871;    0.731628;    0.731518;    -45.3102;     noimage; 
   -2.94036;    0.426723;    -3.00539;    0.509828;     0.73178;    0.731741;    -45.1844;     noimage; 
   -2.96487;    0.383144;    -3.03159;    0.465976;    0.734725;    0.734716;    -45.0869;     noimage; 
   -2.98939;    0.339566;    -3.05958;    0.418773;    0.735956;    0.735949;    -44.9234;     noimage; 
    -3.0139;    0.295987;    -3.08203;    0.381321;     0.73888;     0.73884;    -44.8198;     noimage; 
   -3.03841;    0.252408;    -3.10754;    0.339027;    0.743391;    0.743218;    -44.6278;    -3.03841; 
   -3.06293;    0.208829;    -3.13343;    0.295588;    0.746291;     0.74597;    -44.4979;     noimage; 
   -3.08744;    0.165251;    -3.15994;    0.251287;    0.749905;    0.749399;    -44.3738;     noimage; 
   -3.11195;    0.121672;    -3.18358;    0.211665;    0.752408;     0.75174;    -44.2861;     noimage; 
   -3.13647;   0.0780929;    -3.21021;    0.166602;    0.753991;    0.753037;    -44.1557;     noimage; 
   -3.16098;   0.0345141;     -3.2361;     0.12324;    0.758295;    0.757156;    -44.0839;     noimage; 
   -3.18549; -0.00906465;    -3.26276;   0.0788422;    0.763517;     0.76231;    -44.0629;     noimage; 
      -3.21;  -0.0526434;    -3.28719;   0.0382089;    0.765883;    0.764545;    -44.0214;     noimage; 
   -3.23452;  -0.0962222;     -3.3126; -0.00425132;    0.769252;    0.767571;    -43.9113;     noimage; 
   -3.25903;   -0.139801;    -3.33911;  -0.0490935;    0.771037;    0.768848;      -43.77;     noimage; 
   -3.28354;    -0.18338;    -3.36385;   -0.090663;    0.774393;    0.771846;     -43.683;     noimage; 
   -3.30806;   -0.226959;    -3.38924;   -0.132729;    0.775763;    0.772546;     -43.534;     noimage; 
   -3.33257;   -0.270537;    -3.41513;   -0.175844;     0.77869;    0.775558;     -43.565;     noimage; 
   -3.35708;   -0.314116;     -3.4413;     -0.2192;    0.782342;    0.778696;    -43.4629;     noimage; 
    -3.3816;   -0.357695;    -3.46759;   -0.262847;    0.786536;     0.78217;     -43.329;     noimage; 
   -3.40611;   -0.401274;    -3.49422;   -0.307604;      0.7896;     0.78476;    -43.2549;     noimage; 
   -3.43062;   -0.444853;     -3.5174;   -0.346581;    0.792576;     0.78711;    -43.1579;     noimage; 
   -3.45404;    -0.48903;    -3.54205;   -0.390423;    0.793817;    0.787678;    -43.0665;     noimage; 
   -3.47522;   -0.534324;    -3.56469;   -0.435346;    0.796843;    0.789697;    -42.9294;     noimage; 
   -3.49411;   -0.580618;    -3.58547;   -0.482161;    0.800038;     0.79146;    -42.7485;     noimage; 
   -3.51066;     -0.6278;    -3.60368;   -0.529661;    0.804191;    0.794004;    -42.5625;     noimage; 
   -3.52483;   -0.675749;    -3.61841;   -0.574808;    0.808508;    0.796679;    -42.3885;     noimage; 
   -3.53659;   -0.724347;     -3.6321;   -0.625535;    0.813303;    0.799546;    -42.2012;     noimage; 
   -3.54713;   -0.773223;    -3.64375;   -0.672575;    0.818481;    0.802359;    -41.9854;     noimage; 
   -3.55767;     -0.8221;     -3.6557;   -0.719475;    0.823968;    0.805195;    -41.7629;     noimage; 
   -3.56821;   -0.870976;    -3.66706;   -0.765126;    0.827347;    0.805858;    -41.5603;     noimage; 
   -3.57875;   -0.919853;    -3.67929;   -0.815146;    0.831997;    0.806562;    -41.2824;     noimage; 
   -3.58929;   -0.968729;    -3.69157;   -0.864636;     0.83703;    0.808317;    -41.0742;     noimage; 
   -3.59983;    -1.01761;    -3.70356;   -0.912738;    0.842918;    0.810568;    -40.8549;     noimage; 
   -3.61037;    -1.06648;    -3.71555;   -0.960606;    0.847945;    0.812324;    -40.6768;     noimage; 
   -3.62091;    -1.11536;    -3.72815;    -1.01113;     0.85344;    0.814608;    -40.5153;     noimage; 
   -3.63266;    -1.16396;    -3.74141;    -1.05919;    0.859577;    0.815666;    -40.2562;     noimage; 
   -3.64684;    -1.21191;    -3.75759;    -1.10772;    0.863583;    0.815753;    -40.0873;     noimage; 
   -3.66339;    -1.25909;    -3.77665;     -1.1561;    0.870638;    0.818232;    -39.8841;     noimage; 
   -3.68228;    -1.30538;    -3.79612;    -1.19929;    0.877122;    0.820706;    -39.7161;     noimage; 
   -3.70232;    -1.35119;    -3.81767;    -1.24457;    0.883245;    0.821439;    -39.5018;     noimage; 
   -3.72236;      -1.397;    -3.83784;    -1.28688;    0.888764;    0.823885;    -39.3951;     noimage; 
    -3.7424;    -1.44281;    -3.86123;    -1.33529;    0.893184;    0.824181;    -39.2652;     noimage; 
   -3.76244;    -1.48862;    -3.88166;    -1.37776;    0.900578;    0.827537;     -39.122;     noimage; 
   -3.78248;    -1.53442;    -3.90359;    -1.42377;    0.905276;    0.829358;    -39.0466;     noimage; 
   -3.80137;    -1.58072;    -3.92381;    -1.46864;    0.910628;    0.830562;    -38.9231;     noimage; 
   -3.81792;     -1.6279;    -3.94193;    -1.51548;    0.916117;    0.833215;    -38.8524;     noimage; 
   -3.83209;    -1.67585;    -3.95759;    -1.56299;    0.925167;    0.835429;    -38.6286;     noimage; 
   -3.84385;    -1.72445;    -3.97005;    -1.60712;    0.933225;    0.836302;    -38.4034;     noimage; 
   -3.85316;    -1.77357;    -3.98198;    -1.65792;    0.943156;     0.83909;    -38.1878;     noimage; 
   -3.86001;     -1.8231;    -3.99052;    -1.70544;     0.95262;    0.841217;    -37.9743;    -3.86001; 
   -3.86437;    -1.87291;    -3.99676;    -1.75543;    0.963566;    0.843205;    -37.7166;     noimage; 
   -3.86624;    -1.92287;    -4.00044;    -1.80699;    0.977404;    0.846707;    -37.4159;     noimage; 
   -3.86561;    -1.97287;    -4.00135;    -1.85317;    0.991479;    0.850563;    -37.1174;     noimage; 
   -3.86248;    -2.02277;    -4.00012;    -1.90286;     1.00535;    0.852153;    -36.7887;     noimage; 
   -3.85686;    -2.07246;    -3.99613;    -1.95532;     1.02049;    0.854669;    -36.4624;     noimage; 
   -3.84877;     -2.1218;    -3.98979;     -2.0037;     1.03764;    0.856714;     -36.065;     noimage; 
   -3.83822;    -2.17067;    -3.98082;      -2.053;      1.0546;    0.859705;    -35.7139;     noimage; 
   -3.82524;    -2.21896;    -3.96954;    -2.10154;     1.07294;     0.86378;    -35.3517;     noimage; 
   -3.80986;    -2.26653;    -3.95613;    -2.14877;     1.09197;     0.86561;    -34.9386;     noimage; 
    -3.7933;    -2.31371;    -3.94084;    -2.19722;     1.11083;    0.867262;    -34.5519;     noimage; 
   -3.77674;    -2.36089;    -3.92518;     -2.2464;     1.13049;    0.869356;    -34.1685;     noimage; 
   -3.76018;    -2.40807;     -3.9106;     -2.2936;     1.15062;    0.871467;    -33.7764;     noimage; 
   -3.74362;    -2.45524;    -3.89763;    -2.33596;     1.16818;    0.874348;    -33.4662;     noimage; 
   -3.72705;    -2.50242;    -3.88138;    -2.38899;     1.19139;    0.877296;    -33.0416;     noimage; 
   -3.71049;     -2.5496;    -3.86672;      -2.436;     1.21143;    0.879614;    -32.6937;     noimage; 
   -3.69393;    -2.59677;    -3.85223;    -2.48203;     1.23411;    0.883074;    -32.2875;     noimage; 
   -3.67737;    -2.64395;    -3.83814;    -2.52662;      1.2556;    0.886649;    -31.9185;     noimage; 
   -3.66081;    -2.69113;    -3.82238;    -2.57672;     1.27932;    0.890383;    -31.5256;     noimage; 
   -3.64425;    -2.73831;    -3.80673;    -2.62692;     1.30344;    0.892858;    -31.1188;     noimage; 
   -3.62768;    -2.78548;    -3.79223;    -2.67305;     1.32499;    0.896265;    -30.7849;     noimage; 
   -3.61112;    -2.83266;    -3.77824;    -2.71771;     1.34766;    0.898941;    -30.4099;     noimage; 
   -3.59456;    -2.87984;    -3.76255;    -2.76788;     1.37142;    0.902071;    -30.0532;     noimage; 
     -3.578;    -2.92702;    -3.74732;    -2.81604;     1.39503;    0.905926;    -29.7042;     noimage; 
   -3.56144;    -2.97419;    -3.73202;    -2.86392;     1.41908;    0.909884;    -29.3451;     noimage; 
    -3.5437;    -3.02094;    -3.71632;    -2.91003;     1.44309;    0.913599;    -28.9839;     noimage; 
   -3.52365;    -3.06675;    -3.69802;    -2.95661;      1.4695;    0.917516;    -28.5693;     noimage; 
   -3.50134;    -3.11149;    -3.67672;    -3.00352;     1.49603;    0.921418;    -28.1603;     noimage; 
   -3.47681;    -3.15506;    -3.65574;    -3.04443;     1.52075;    0.925641;    -27.7672;     noimage; 
   -3.45014;    -3.19736;    -3.63046;    -3.08788;     1.54836;    0.929706;    -27.3222;     noimage; 
   -3.42243;    -3.23897;    -3.60397;    -3.13115;     1.57702;    0.934537;    -26.8439;     noimage; 
   -3.39471;    -3.28058;    -3.57792;    -3.17367;     1.60353;    0.939445;    -26.4507;     noimage; 
   -3.36699;     -3.3222;    -3.55134;    -3.21688;     1.63027;    0.944311;    -26.0607;     noimage; 
   -3.33927;    -3.36381;    -3.52443;    -3.26058;     1.65743;    0.950474;    -25.6661;     noimage; 
   -3.31155;    -3.40542;    -3.49954;    -3.30087;     1.68307;    0.955671;    -25.2759;     noimage; 
   -3.28383;    -3.44704;    -3.47341;     -3.3433;     1.71109;    0.960497;     -24.844;     noimage; 
   -3.25611;    -3.48865;    -3.44615;    -3.38755;     1.73983;    0.966046;    -24.4131;     noimage; 
   -3.22736;    -3.52956;    -3.42027;    -3.42727;     1.76475;    0.971635;    -24.0853;     noimage; 
    -3.1966;    -3.56898;    -3.39146;    -3.46703;     1.79291;    0.976238;    -23.6271;     noimage; 
   -3.16391;    -3.60681;    -3.35894;    -3.50735;     1.82123;    0.982599;    -23.2102;     noimage; 
   -3.12937;    -3.64296;    -3.32796;    -3.54244;     1.84734;    0.987895;    -22.7822;     noimage; 
   -3.09307;    -3.67734;    -3.29313;     -3.5787;     1.87527;    0.993717;    -22.3293;     noimage; 
   -3.05592;    -3.71081;    -3.25702;    -3.61438;     1.90303;    0.999895;    -21.8528;     noimage; 
   -3.01876;    -3.74427;    -3.22283;     -3.6477;     1.92971;     1.00505;    -21.3754;     noimage; 
   -2.98161;    -3.77773;    -3.18635;    -3.68311;     1.95758;     1.01153;    -20.9451;     noimage; 
   -2.94446;    -3.81119;    -3.03388;    -3.76005;     1.38733;    0.686689;    -20.7675;    -2.94446; 
   -2.90731;    -3.84465;    -2.99718;    -3.79442;     1.40574;    0.691122;    -20.3558;     noimage; 
   -2.87015;    -3.87812;    -2.96586;    -3.82357;     1.42179;    0.695066;    -20.0307;     noimage; 
     -2.833;    -3.91158;    -2.92667;    -3.86003;     1.44302;    0.698384;    -19.5459;     noimage; 
   -2.79585;    -3.94504;    -2.88821;     -3.8959;     1.46248;    0.702882;    -19.0756;     noimage; 
    -2.7587;     -3.9785;     -2.8536;    -3.92826;     1.47992;    0.706922;     -18.645;     noimage; 
   -2.72154;    -4.01196;    -2.81736;    -3.96241;     1.49756;    0.712306;    -18.2412;     noimage; 
   -2.68439;    -4.04543;    -2.77999;    -3.99739;     1.51742;    0.715654;     -17.745;     noimage; 
   -2.64724;    -4.07889;    -2.74703;    -4.02824;     1.53419;     0.71973;    -17.3658;     noimage; 
   -2.61009;    -4.11235;    -2.70925;    -4.06357;     1.55314;    0.724946;    -16.9717;     noimage; 
   -2.57294;    -4.14581;    -2.67226;    -4.09826;     1.57104;     0.72968;    -16.5108;     noimage; 
   -2.53578;    -4.17927;    -2.63375;    -4.13462;     1.58955;    0.735377;    -16.0773;     noimage; 
   -2.49781;     -4.2118;    -2.59581;     -4.1688;     1.60644;    0.740103;    -15.5808;     noimage; 
   -2.45825;    -4.24238;    -2.55767;    -4.19976;     1.62376;     0.74404;    -15.1615;     noimage; 
   -2.41722;    -4.27095;    -2.51765;    -4.22893;     1.64019;    0.748398;    -14.7031;     noimage; 
   -2.37481;    -4.29743;    -2.48059;     -4.2533;     1.65545;    0.752184;    -14.3077;     noimage; 
   -2.33175;    -4.32285;    -2.43444;    -4.28195;     1.67238;    0.757744;    -13.8335;     noimage; 
   -2.28806;    -4.34718;    -2.39253;    -4.30666;     1.68815;    0.762628;    -13.4158;     noimage; 
   -2.24322;    -4.36929;    -2.34633;    -4.33094;     1.70349;    0.768438;    -12.9759;     noimage; 
   -2.19733;    -4.38914;    -2.30574;     -4.3495;      1.7161;    0.773023;    -12.5704;     noimage; 
    -2.1505;    -4.40667;    -2.25545;    -4.36963;      1.7311;    0.778571;    -12.0732;     noimage; 
   -2.10286;    -4.42183;    -2.20906;    -4.38553;     1.74431;    0.783622;    -11.6072;     noimage; 
   -2.05485;     -4.4358;    -2.16235;    -4.40023;      1.7549;    0.789212;    -11.1732;     noimage; 
   -2.00684;    -4.44978;    -2.11235;    -4.41604;      1.7684;    0.794704;    -10.6614;     noimage; 
   -1.95883;    -4.46375;    -2.06787;     -4.4303;     1.78012;    0.799684;    -10.2076;     noimage; 
   -1.91082;    -4.47772;    -2.01807;    -4.44622;     1.79444;    0.805778;    -9.72018;     noimage; 
   -1.86282;    -4.49169;    -1.97028;     -4.4612;     1.80619;     0.81169;    -9.22354;     noimage; 
   -1.81481;    -4.50566;    -1.92351;    -4.47581;     1.81708;    0.817898;    -8.77029;     noimage; 
   -1.76646;    -4.51842;    -1.87895;    -4.48877;      1.8271;     0.82348;    -8.30877;     noimage; 
   -1.71754;    -4.52876;    -1.82779;      -4.501;     1.83886;    0.829959;    -7.80723;     noimage; 
   -1.66817;    -4.53664;    -1.77807;    -4.51006;     1.84668;    0.836454;    -7.30781;     noimage; 
   -1.61846;    -4.54203;     -1.7266;    -4.51655;     1.85449;    0.843481;    -6.82249;     noimage; 
   -1.56863;    -4.54619;     -1.6835;    -4.52099;     1.86128;    0.849458;    -6.40936;     noimage; 
   -1.51881;    -4.55034;    -1.63202;    -4.52645;     1.86755;    0.856591;    -5.89793;     noimage; 
   -1.46898;     -4.5545;       -1.58;    -4.53186;     1.87361;    0.864011;    -5.40203;     noimage; 
   -1.41915;    -4.55865;    -1.52996;     -4.5371;     1.88114;    0.871327;    -4.86326;     noimage; 
   -1.36933;    -4.56281;    -1.48006;    -4.54277;     1.88824;    0.878683;    -4.36237;     noimage; 
    -1.3195;    -4.56696;    -1.43105;    -4.54821;     1.89309;    0.885784;    -3.80896;     noimage; 
   -1.26958;    -4.56987;    -1.38371;    -4.55209;     1.89864;     0.89273;    -3.29927;     noimage; 
   -1.21958;    -4.57028;    -1.32762;    -4.55379;     1.90368;     0.90128;    -2.69486;     noimage; 
   -1.16963;    -4.56819;    -1.28123;     -4.5527;     1.90766;    0.908366;    -2.20457;     noimage; 
   -1.11984;     -4.5636;    -1.23274;    -4.54945;     1.90991;    0.915813;    -1.71639;     noimage; 
   -1.07018;    -4.55778;    -1.18641;    -4.54529;     1.91105;     0.92319;    -1.20997;     noimage; 
   -1.02052;    -4.55195;     -1.1325;    -4.54029;      1.9109;     0.93144;   -0.679403;     noimage; 
  -0.970861;    -4.54612;    -1.08314;    -4.53566;       1.914;    0.939388;   -0.144269;     noimage; 
  -0.921202;    -4.54029;   -0.939539;    -4.52724;    0.572382;    0.344458;    -1.05714;   -0.921202; 
  -0.871704;    -4.53323;   -0.886661;     -4.5197;    0.574173;    0.347356;   -0.246896;     noimage; 
  -0.822621;    -4.52369;   -0.839054;    -4.51037;    0.577177;    0.350009;    0.683742;     noimage; 
  -0.774076;    -4.51172;   -0.788354;    -4.49776;    0.578989;    0.352841;     1.49596;     noimage; 
   -0.72619;    -4.49734;   -0.742513;     -4.4841;    0.579464;    0.355523;     2.25318;     noimage; 
  -0.679082;    -4.48058;   -0.695501;    -4.46773;    0.579607;    0.358641;     3.20685;     noimage; 
  -0.632871;    -4.46148;   -0.648723;    -4.44849;    0.578337;    0.362123;     4.09597;     noimage; 
  -0.587672;     -4.4401;   -0.602141;    -4.42627;    0.578408;    0.365814;     5.08031;     noimage; 
  -0.543022;     -4.4176;   -0.559232;    -4.40444;    0.578291;    0.369086;     5.90639;     noimage; 
  -0.498372;     -4.3951;   -0.514717;     -4.3817;    0.578034;    0.372437;     6.66308;     noimage; 
  -0.453722;     -4.3726;   -0.471027;     -4.3595;    0.577546;    0.375816;     7.36654;     noimage; 
  -0.409071;     -4.3501;   -0.426958;    -4.33705;    0.578005;    0.379486;     8.22134;     noimage; 
  -0.364421;    -4.32759;   -0.383784;    -4.31525;    0.576531;    0.383177;     8.86884;     noimage; 
  -0.319771;    -4.30509;   -0.339131;    -4.29294;    0.576813;    0.387504;     9.78157;     noimage; 
   -0.27512;    -4.28259;   -0.292252;    -4.26943;     0.57683;    0.391766;     10.6009;     noimage; 
  -0.231046;    -4.25898;   -0.247241;    -4.24541;    0.573371;    0.396424;     11.3066;     noimage; 
  -0.188208;    -4.23319;   -0.206847;    -4.22092;    0.572165;    0.400727;     12.0429;     noimage; 
  -0.146711;     -4.2053;    -0.16447;    -4.19243;    0.569569;    0.405868;     12.8158;     noimage; 
  -0.106661;    -4.17537;   -0.127804;    -4.16535;     0.56712;    0.410432;     13.4904;     noimage; 
 -0.0681562;    -4.14347;  -0.0864273;    -4.13143;    0.565588;    0.415984;     14.4109;     noimage; 
  -0.030461;    -4.11062;  -0.0479242;     -4.0977;    0.562971;     0.42214;     15.3727;     noimage; 
 0.00723407;    -4.07777;  -0.0114369;    -4.06574;    0.562199;    0.427632;     16.3144;     noimage; 
  0.0449292;    -4.04492;   0.0242301;    -4.03482;    0.561103;    0.432572;     16.9138;     noimage; 
  0.0826243;    -4.01207;    0.063298;    -4.00113;    0.559091;    0.438685;     17.6216;     noimage; 
   0.120319;    -3.97922;    0.101271;    -3.96815;    0.558857;    0.444654;      18.528;     noimage; 
   0.158015;    -3.94637;    0.139858;    -3.93437;    0.557326;    0.451116;     19.2093;     noimage; 
    0.19571;    -3.91352;    0.177796;     -3.9015;     0.55764;    0.457104;     19.8334;     noimage; 
   0.233405;    -3.88068;    0.213475;    -3.87081;    0.557249;    0.463225;     20.6132;     noimage; 
     0.2711;    -3.84783;    0.250151;    -3.83913;    0.557448;    0.469321;     21.0402;     noimage; 
   0.308795;    -3.81498;    0.290744;    -3.80381;    0.557806;    0.476516;     21.7664;     noimage; 
    0.34649;    -3.78213;    0.326217;    -3.77323;    0.557705;    0.483094;     22.5233;     noimage; 
   0.384185;    -3.74928;    0.364457;    -3.74035;    0.559386;    0.489679;      23.033;     noimage; 
    0.42188;    -3.71643;    0.404855;    -3.70542;    0.562275;    0.496761;     23.5207;     noimage; 
   0.458742;    -3.68265;    0.439605;    -3.67401;    0.566163;     0.50273;     23.5682;     noimage; 
    0.49387;    -3.64707;    0.475063;    -3.63853;    0.569106;    0.509827;     23.8884;     noimage; 
   0.527176;    -3.60977;    0.507249;    -3.60307;    0.571027;    0.517431;     24.5012;     noimage; 
   0.559539;    -3.57166;    0.542404;    -3.56252;    0.572193;    0.526738;     25.7061;     noimage; 
   0.591902;    -3.53355;    0.573679;    -3.52633;    0.575625;     0.53422;     25.9868;     noimage; 
   0.624264;    -3.49543;    0.607454;    -3.48693;    0.578899;    0.542964;     26.8246;     noimage; 
   0.656627;    -3.45732;    0.640777;    -3.44768;    0.582634;    0.551773;      27.511;     noimage; 
    0.68899;    -3.41921;    0.670283;    -3.41299;    0.586048;    0.559954;     28.3647;     noimage; 
   0.721353;    -3.38109;    0.705023;    -3.37268;    0.591259;    0.568814;     28.8305;     noimage; 
   0.753716;    -3.34298;    0.736932;    -3.33549;    0.596305;    0.577448;     29.5555;     noimage; 
   0.786079;    -3.30487;    0.769775;    -3.29711;    0.601003;    0.586999;     31.1762;     noimage; 
   0.818442;    -3.26675;    0.800154;    -3.26173;    0.605701;    0.595661;     32.8944;     noimage; 
   0.850805;    -3.22864;     0.83883;    -3.21575;    0.257368;    0.211596;     28.9201;    0.850805; 
   0.883168;    -3.19052;    0.873331;    -3.17527;    0.252676;    0.213356;     30.4747;     noimage; 
   0.915531;    -3.15241;    0.903392;    -3.14024;    0.249879;    0.213938;      31.424;     noimage; 
   0.947893;     -3.1143;    0.935813;    -3.10241;    0.247114;    0.214412;     32.3511;     noimage; 
   0.980256;    -3.07618;    0.968283;     -3.0643;    0.245678;    0.214144;     32.7898;     noimage; 
    1.01262;    -3.03807;     1.00119;    -3.02598;    0.243615;    0.214172;     33.5638;     noimage; 
    1.04498;    -2.99996;      1.0344;    -2.98718;    0.241109;     0.21463;     34.3589;     noimage; 
    1.07734;    -2.96184;     1.06707;    -2.94864;    0.238747;    0.214885;     35.1757;     noimage; 
    1.10971;    -2.92373;     1.09828;    -2.91159;    0.236153;    0.215564;     36.0102;     noimage; 
    1.14207;    -2.88562;     1.13098;    -2.87315;    0.233862;    0.216386;     36.8602;     noimage; 
    1.17443;     -2.8475;     1.16242;    -2.83665;    0.232084;    0.216718;     37.4953;     noimage; 
     1.2068;    -2.80939;     1.19514;    -2.79864;    0.230346;    0.216978;     38.1526;     noimage; 
    1.23916;    -2.77128;     1.22734;    -2.76136;    0.228616;    0.217214;     38.8761;     noimage; 
    1.27152;    -2.73316;     1.26215;    -2.72072;    0.226901;    0.217678;     39.6078;     noimage; 
    1.30389;    -2.69505;     1.29564;    -2.68155;    0.225602;    0.218005;      40.198;     noimage; 
    1.33625;    -2.65693;     1.32748;    -2.64432;    0.224748;    0.218172;     40.5915;     noimage; 
    1.36861;    -2.61882;     1.35913;    -2.60693;    0.224102;     0.21839;     40.9539;     noimage; 
    1.40097;    -2.58071;     1.39169;    -2.56882;    0.223289;    0.218779;     41.4471;     noimage; 
    1.43237;     -2.5418;     1.42134;    -2.53248;     0.22277;    0.219186;     41.8724;     noimage; 
    1.46179;    -2.50137;     1.45186;    -2.49073;    0.222317;    0.219762;     42.3973;     noimage; 
    1.48915;    -2.45951;     1.47817;    -2.45102;    0.222442;     0.22061;     42.7971;     noimage; 
    1.51545;    -2.41699;     1.50636;    -2.40633;     0.22219;     0.22096;     43.2227;     noimage; 
    1.54176;    -2.37447;      1.5322;    -2.36503;    0.222886;    0.222375;     43.8643;     noimage; 
    1.56806;    -2.33195;     1.56002;    -2.32031;    0.223769;    0.223674;      44.519;     noimage; 
    1.59436;    -2.28943;     1.58532;    -2.27971;     0.22554;    0.225525;     45.1891;     noimage; 
    1.62067;    -2.24691;     1.61183;    -2.23716;    0.227302;    0.227096;     45.6957;     noimage; 
    1.64697;    -2.20438;     1.63669;    -2.19752;    0.229372;    0.228828;     46.1302;     noimage; 
    1.67328;    -2.16186;     1.66419;    -2.15403;    0.231593;    0.230615;     46.5098;     noimage; 
    1.69958;    -2.11934;     1.69109;    -2.11184;    0.232835;    0.231833;     46.5314;     noimage; 
    1.72588;    -2.07682;     1.71892;    -2.06781;    0.235525;    0.233961;     46.9078;     noimage; 
    1.75219;     -2.0343;     1.74521;    -2.02591;    0.238072;    0.235992;     47.1993;     noimage; 
    1.77849;    -1.99177;     1.77363;    -1.98104;    0.241381;    0.238509;     47.5841;     noimage; 
     1.8048;    -1.94925;     1.79797;    -1.94277;    0.243884;    0.240475;     47.8074;     noimage; 
     1.8311;    -1.90673;     1.82546;    -1.89915;    0.245699;    0.242344;     47.7815;     noimage; 
     1.8574;    -1.86421;      1.8528;    -1.85525;    0.249699;     0.24536;     48.1828;     noimage; 
    1.88371;    -1.82169;       1.878;    -1.81531;     0.25288;    0.247956;     48.4039;     noimage; 
    1.91001;    -1.77917;     1.90486;    -1.77284;    0.256079;    0.250685;      48.571;     noimage; 
    1.93631;    -1.73664;     1.93321;    -1.72767;    0.260843;    0.254065;     49.0024;     noimage; 
    1.96262;    -1.69412;     1.95765;     -1.6886;    0.263718;    0.256625;     49.0877;     noimage; 
    1.98892;     -1.6516;     1.98708;    -1.64169;    0.268281;     0.26012;     49.3939;     noimage; 
    2.01523;    -1.60908;     2.01093;    -1.60417;    0.271915;    0.263049;     49.6194;     noimage; 
    2.04153;    -1.56656;     2.03937;    -1.55942;    0.276932;    0.266835;      49.955;     noimage; 
    2.06783;    -1.52403;     2.06627;    -1.51639;    0.281067;    0.270373;     50.1155;     noimage; 
    2.09414;    -1.48151;     2.09307;    -1.47317;     0.28674;    0.274514;     50.5011;     noimage; 
    2.12044;    -1.43899;     2.11891;    -1.43161;    0.291566;     0.27835;     50.7454;     noimage; 
    2.14675;    -1.39647;     2.13628;    -1.39222;    0.179812;    0.171529;     39.8592;     2.14675; 
    2.17305;    -1.35395;     2.16268;     -1.3496;     0.17773;    0.171925;     40.7788;     noimage; 
    2.19935;    -1.31143;     2.18912;    -1.30666;    0.175929;    0.171809;     41.5142;     noimage; 
    2.22566;     -1.2689;     2.21395;     -1.2668;    0.174545;    0.171586;     42.0881;     noimage; 
    2.25196;    -1.22638;     2.24153;    -1.22347;    0.173313;     0.17192;     43.0448;     noimage; 
    2.27826;    -1.18386;     2.26717;    -1.18293;    0.172528;    0.172006;     43.8276;     noimage; 
    2.30457;    -1.14134;     2.29348;    -1.14104;    0.171723;    0.171558;     44.3516;     noimage; 
    2.33087;    -1.09882;     2.32186;    -1.09597;    0.171405;    0.171398;     45.1268;     noimage; 
    2.35718;    -1.05629;     2.34821;    -1.05426;     0.17099;    0.170835;      45.601;     noimage; 
    2.38348;    -1.01377;     2.37495;    -1.01182;    0.170604;    0.170182;     45.9792;     noimage; 
    2.40978;    -0.97125;     2.40023;   -0.971052;    0.170549;     0.16959;     46.4443;     noimage; 
    2.43609;   -0.928729;     2.42677;   -0.928611;     0.17051;    0.168989;     46.7956;     noimage; 
    2.46239;   -0.886207;     2.45256;   -0.887814;    0.171032;    0.168668;     47.2184;     noimage; 
     2.4887;   -0.843685;     2.48219;   -0.841043;    0.172043;    0.168331;     47.7443;     noimage; 
      2.515;   -0.801163;     2.50695;   -0.801852;    0.171676;    0.167466;     47.8939;     noimage; 
     2.5413;   -0.758641;     2.53425;   -0.758381;    0.170925;    0.166296;      47.989;     noimage; 
    2.56761;   -0.716119;      2.5603;   -0.717184;    0.171236;    0.165567;     48.2545;     noimage; 
    2.59391;   -0.673598;     2.58724;   -0.674432;     0.17281;    0.165249;     48.6972;     noimage; 
    2.62022;   -0.631076;     2.61393;   -0.632392;    0.174135;    0.164797;     49.0492;     noimage; 
    2.64652;   -0.588554;     2.64229;   -0.587829;    0.175641;    0.164308;     49.3935;     noimage; 
    2.67282;   -0.546032;     2.66886;   -0.545597;    0.176302;    0.163707;     49.5893;     noimage; 
    2.69913;    -0.50351;     2.69377;   -0.505679;    0.177078;    0.163185;      49.777;     noimage; 
    2.72543;   -0.460988;     2.72014;   -0.463459;    0.178033;    0.162766;     49.9793;     noimage; 
    2.75173;   -0.418467;       2.747;   -0.420622;    0.180355;     0.16263;       50.32;     noimage; 
    2.77804;   -0.375945;     2.77448;   -0.376958;    0.181522;    0.162182;     50.5048;     noimage; 
    2.80434;   -0.333423;     2.79993;   -0.336587;    0.183232;    0.162072;     50.7472;     noimage; 
    2.83065;   -0.290901;     2.82611;   -0.294783;    0.184921;    0.161934;     50.9767;     noimage; 
    2.85695;   -0.248379;     2.85278;   -0.252327;    0.187425;    0.161749;     51.2413;     noimage; 
    2.88325;   -0.205857;     2.87911;   -0.210253;    0.188272;    0.161362;     51.3419;     noimage; 
    2.90956;   -0.163336;     2.90657;   -0.166329;    0.190105;    0.161221;     51.5334;     noimage; 
    2.93586;   -0.120814;     2.93319;   -0.123974;    0.191192;     0.16091;     51.6291;     noimage; 
    2.96217;   -0.078292;     2.96062;  -0.0808946;    0.192917;    0.160761;     51.7781;     noimage; 
    2.98847;  -0.0357701;     2.98628;  -0.0408861;    0.195318;    0.160829;     51.9916;     noimage; 
    3.01477;  0.00675169;     3.01308;  0.00145102;    0.196822;    0.160755;     52.1121;     noimage; 
    3.04108;   0.0492735;     3.03725;   0.0399619;    0.199046;    0.160883;     52.2847;     noimage; 
    3.06738;   0.0917954;      3.0653;   0.0838858;    0.199718;    0.160705;     52.3118;     noimage; 
    3.09369;    0.134317;      3.0946;    0.129838;    0.201312;    0.160715;     52.4027;     noimage; 
    3.11999;    0.176839;     3.11945;     0.16888;    0.201483;    0.160669;     52.4038;     noimage; 
    3.14629;    0.219361;     3.14699;    0.212242;    0.202065;    0.160713;     52.4257;     noimage; 
     3.1726;    0.261883;      3.1736;    0.254151;    0.203312;    0.160963;     52.5019;     noimage; 
     3.1989;    0.304405;     3.20219;    0.298484;    0.205861;    0.161426;     52.6576;     noimage; 
     3.2252;    0.346926;     3.22828;    0.339675;    0.208947;    0.161914;     52.8207;     noimage; 
    3.25151;    0.389448;     3.25426;    0.381114;    0.212192;    0.162633;     53.0095;     noimage; 
    3.27781;     0.43197;     3.28142;    0.424074;    0.215107;    0.163378;     53.1593;     noimage; 
    3.30412;    0.474492;     3.30871;    0.467088;    0.217231;     0.16406;     53.2397;     noimage; 
    3.33042;    0.517014;     3.32787;    0.517025;     0.14732;    0.130717;     51.9496;     3.33042; 
    3.35672;    0.559535;     3.35236;    0.556459;    0.147567;    0.129617;     52.0813;     noimage; 
    3.38303;    0.602057;     3.37954;    0.600248;    0.148455;    0.128485;      52.308;     noimage; 
    3.40933;    0.644579;      3.4064;    0.643246;    0.149019;    0.127367;     52.4921;     noimage; 
    3.43564;    0.687101;     3.43214;    0.684495;    0.150777;    0.126475;     52.8262;     noimage; 
    3.46194;    0.729623;     3.45936;    0.728039;    0.151319;    0.125336;     52.9716;     noimage; 
    3.48824;    0.772145;     3.48536;    0.769359;    0.152536;    0.124384;     53.1934;     noimage; 
    3.51455;    0.814666;     3.51224;    0.812122;    0.154182;    0.123386;     53.4272;     noimage; 
    3.54085;    0.857188;     3.53991;    0.856157;    0.156626;    0.122329;     53.6627;     noimage; 
    3.56715;     0.89971;     3.56786;    0.900874;    0.157658;    0.121247;     53.8048;     noimage; 
    3.59346;    0.942232;     3.59266;    0.940583;    0.158207;     0.12017;     53.8494;     noimage; 
    3.61976;    0.984754;     3.61646;     0.97879;    0.159081;    0.119358;     53.9894;     noimage; 
    3.64607;     1.02728;     3.64306;     1.02148;    0.162343;    0.118516;     54.2635;     noimage; 
    3.67237;      1.0698;     3.67137;      1.0668;    0.164106;    0.117465;     54.3792;     noimage; 
    3.69867;     1.11232;     3.69937;     1.11096;    0.165941;    0.116604;     54.5682;     noimage; 
    3.72498;     1.15484;     3.72506;     1.15137;     0.16758;    0.115695;      54.632;     noimage; 
    3.75128;     1.19736;     3.75328;     1.19629;    0.168796;    0.114738;     54.6783;     noimage; 
    3.77759;     1.23988;     3.77864;     1.23712;    0.171224;    0.114019;     54.8339;     noimage; 
    3.80389;     1.28241;     3.80464;      1.2792;    0.172018;    0.113145;     54.8561;     noimage; 
    3.83019;     1.32493;     3.83003;     1.31957;    0.172307;    0.112347;     54.8444;     noimage; 
     3.8565;     1.36745;     3.85916;     1.36552;    0.174234;    0.111591;     54.9342;     noimage; 
     3.8828;     1.40997;       3.884;     1.40513;    0.175526;    0.111041;     55.0252;     noimage; 
    3.90911;     1.45249;     3.91326;     1.45109;    0.178156;    0.110576;     55.2404;     noimage; 
    3.93541;     1.49502;     3.93676;     1.48792;    0.179095;      0.1101;     55.2958;     noimage; 
    3.96171;     1.53754;     3.96637;     1.53503;    0.181918;    0.109647;      55.435;     noimage; 
    3.98802;     1.58006;     3.99358;     1.57834;    0.183506;    0.109266;     55.5046;     noimage; 
    4.01432;     1.62258;     4.01948;     1.61951;    0.186734;    0.109053;     55.6595;     noimage; 
    4.04062;      1.6651;     4.04563;     1.66082;    0.188512;    0.108815;     55.7232;     noimage; 
    4.06693;     1.70762;     4.07196;     1.70279;    0.189782;    0.108559;     55.6888;     noimage; 
    4.09323;     1.75015;      4.0982;     1.74461;    0.192326;    0.108494;     55.7492;     noimage; 
    4.11954;     1.79267;     4.12543;     1.78757;    0.193354;     0.10845;     55.7256;     noimage; 
    4.14584;     1.83519;     4.15031;     1.82654;    0.194986;    0.108587;     55.7979;     noimage; 
    4.17214;     1.87771;     4.17853;     1.87103;    0.196888;     0.10876;     55.8453;     noimage; 
    4.19845;     1.92023;     4.20704;     1.91649;    0.198377;    0.109031;     55.8479;     noimage; 
    4.22475;     1.96276;      4.2324;     1.95668;     0.20051;    0.109391;     55.8786;     noimage; 
    4.25106;     2.00528;      4.2593;     1.99916;    0.202292;    0.109881;     55.9174;     noimage; 
    4.27736;      2.0478;     4.28564;       2.041;    0.203815;     0.11041;     55.9386;     noimage; 
    4.30366;     2.09032;     4.31131;     2.08185;    0.205232;    0.111021;     55.9757;     noimage; 
    4.32997;     2.13284;     4.33754;     2.12336;    0.206543;    0.111701;     55.9706;     noimage; 
    4.35627;     2.17537;     4.36495;     2.16666;    0.209157;    0.112565;     56.0425;     noimage; 
    4.38257;     2.21789;     4.39142;     2.20836;    0.210126;    0.113404;     56.0285;     noimage; 
    4.40888;     2.26041;     4.42201;      2.2566;    0.212991;    0.114567;     56.1173;     noimage; 
    4.43518;     2.30293;     4.44366;     2.29077;    0.214314;    0.115411;     56.1249;     noimage; 
    4.46149;     2.34545;     4.47169;      2.3348;    0.216736;    0.116597;     56.1602;     noimage; 
    4.48779;     2.38797;     4.49852;     2.37709;      0.2201;    0.117864;     56.2425;     noimage; 
    4.51409;      2.4305;       4.488;     2.37834;     0.10691;   0.0786564;      63.335;     4.51409; 
     4.5404;     2.47302;     4.51588;     2.42271;    0.110014;   0.0779144;     62.5361;     noimage; 
     4.5667;     2.51554;     4.54104;     2.46242;    0.113509;   0.0772871;     61.8729;     noimage; 
    4.59301;     2.55806;     4.56821;     2.50521;    0.116217;   0.0766629;     61.2875;     noimage; 
    4.61931;     2.60058;     4.59581;     2.54852;    0.117864;   0.0760691;     60.8137;     noimage; 
    4.64561;     2.64311;     4.62323;     2.59244;    0.120043;   0.0755358;     60.3006;     noimage; 
    4.67192;     2.68563;     4.64815;     2.63265;    0.121417;   0.0750604;     59.9815;     noimage; 
    4.69822;     2.72815;     4.67554;      2.6763;    0.123563;   0.0745852;     59.7898;     noimage; 
    4.72345;     2.77131;     4.70176;     2.72068;    0.126591;   0.0741566;     59.7363;     noimage; 
     4.7465;     2.81569;     4.72526;     2.76568;    0.131425;   0.0740274;     59.9914;     noimage; 
     4.7673;     2.86116;     4.74554;     2.80993;    0.136118;   0.0743207;     60.3159;     noimage; 
    4.78579;     2.90761;     4.76356;     2.85474;    0.142264;   0.0752778;     60.7679;     noimage; 
    4.80195;     2.95493;     4.77973;     2.90123;    0.150892;   0.0773401;     61.4816;     noimage; 
    4.81691;     3.00264;     4.79397;     2.94565;     0.15797;   0.0795413;     61.9772;     noimage; 
    4.83188;     3.05034;        4.81;     2.99596;    0.167224;   0.0828649;     62.6631;     noimage; 
    4.84685;     3.09805;     4.82665;     3.04769;    0.175837;    0.086444;     63.1429;     noimage; 
    4.86181;     3.14576;     4.84167;     3.09385;    0.182328;   0.0897276;     63.3681;     noimage; 
    4.87678;     3.19347;     4.85554;      3.1366;     0.18748;   0.0931221;      63.507;     noimage; 
    4.89174;     3.24117;       4.872;     3.18767;    0.195255;   0.0978496;     63.8171;     noimage; 
    4.90671;     3.28888;     4.88705;     3.23474;    0.203897;     0.10262;     64.1703;     noimage; 
    4.92168;     3.33659;     4.90236;      3.2822;    0.210493;    0.107505;     64.3907;     noimage; 
    4.93545;     3.38466;     4.91715;     3.33149;    0.217273;    0.112902;     64.6257;     noimage; 
    4.94679;     3.43335;     4.92855;     3.37825;     0.22584;    0.118672;     65.0538;     noimage; 
     4.9557;     3.48255;     4.93763;     3.42592;    0.231799;    0.124508;     65.2804;     noimage; 
    4.96213;     3.53214;     4.94465;     3.47468;    0.237839;    0.130528;     65.4809;     noimage; 
    4.96607;     3.58198;     4.94944;      3.5301;    0.245899;    0.138187;     65.8465;     noimage; 
    4.96752;     3.63196;       4.951;     3.57621;     0.25531;    0.145144;     66.3574;     noimage; 
    4.96647;     3.68195;     4.95069;     3.62218;    0.261656;    0.152235;     66.6097;     noimage; 
    4.96292;     3.73182;      4.9475;     3.67746;    0.273033;    0.162371;     67.2794;     noimage; 
    4.95689;     3.78146;     4.94198;     3.72624;    0.279751;    0.171137;     67.5412;     noimage; 
    4.94838;     3.83073;     4.93375;     3.77594;    0.289036;    0.180735;      68.006;     noimage; 
    4.93742;     3.87951;     4.92379;     3.82166;    0.296759;    0.189218;      68.317;     noimage; 
    4.92403;     3.92769;     4.90938;     3.87438;    0.305086;    0.201018;     68.6412;     noimage; 
    4.90825;     3.97513;     4.89502;     3.91832;    0.311265;    0.210177;     68.7699;     noimage; 
    4.89013;     4.02173;     4.87572;     3.96842;    0.320663;    0.223314;     69.1483;     noimage; 
    4.86969;     4.06736;     4.85738;     4.01004;    0.325826;     0.23261;     69.0856;     noimage; 
      4.847;     4.11192;     4.83589;     4.05338;      0.3285;    0.242614;     68.5647;     noimage; 
    4.82211;     4.15528;     4.81117;     4.09762;    0.328864;    0.251633;     67.5649;     noimage; 
    4.79615;     4.19801;       4.785;     4.14237;    0.334123;     0.26149;     67.1597;     noimage; 
    4.77018;     4.24074;     4.75974;     4.18548;    0.336921;    0.270658;      66.315;     noimage; 
    4.74422;     4.28347;     4.73449;     4.22869;    0.341117;    0.280104;     65.5897;     noimage; 
    4.71826;      4.3262;     4.70928;     4.27152;    0.345045;    0.290649;      64.676;     noimage; 
    4.69229;     4.36893;     4.68464;     4.31312;    0.347984;    0.300067;     63.5604;     noimage; 
    4.66633;     4.41166;     4.66073;     4.35376;    0.351701;    0.309689;     62.4961;     noimage; 
    4.64036;     4.45439;     4.63365;     4.39981;    0.356252;    0.320069;     61.2582;     noimage; 
     4.6144;     4.49712;     4.60807;     4.44365;    0.355393;    0.328191;     58.9755;      4.6144; 
    4.58737;     4.53919;     4.58149;     4.48636;      0.3547;    0.334967;     56.7001;     noimage; 
    4.55828;     4.57986;     4.55482;     4.52463;    0.357114;    0.343142;     54.7849;     noimage; 
    4.55828;     4.57986;     4.55482;     4.52463;    0.357114;    0.343142;     54.7849;     noimage; 
