   trueRobX;    trueRobY;  trueRobPsi;       meanX;       meanY;        varX;        varY;     Observe; 
          0;           0;        0.12;        0.12;     20.7805;     20.7805;    -89.9926;     noimage; 
          0;           0;    0.084768;    0.085536;      17.582;     17.5819;     57.0553;           0; 
          0;           0;    0.084768;    0.085536;      17.582;     17.5819;     57.0553;     noimage; 
          0;           0;    0.084768;    0.085536;      17.582;     17.5819;     57.0553;     noimage; 
          0;           0;    0.084768;    0.085536;      17.582;     17.5819;     57.0553;     noimage; 
          0;           0;    0.084768;    0.085536;      17.582;     17.5819;     57.0553;     noimage; 
          0;           0;    0.084768;    0.085536;      17.582;     17.5819;     57.0553;     noimage; 
          0;           0;    0.084768;    0.085536;      17.582;     17.5819;     57.0553;     noimage; 
          0;           0;    0.084768;    0.085536;      17.582;     17.5819;     57.0553;     noimage; 
          0;           0;    0.084768;    0.085536;      17.582;     17.5819;     57.0553;     noimage; 
          0;           0;    0.084768;    0.085536;      17.582;     17.5819;     57.0553;     noimage; 
          0;           0;    0.084768;    0.085536;      17.582;     17.5819;     57.0553;     noimage; 
          0;           0;    0.084768;    0.085536;      17.582;     17.5819;     57.0553;     noimage; 
          0;           0;    0.084768;    0.085536;      17.582;     17.5819;     57.0553;     noimage; 
          0;           0;    0.084768;    0.085536;      17.582;     17.5819;     57.0553;     noimage; 
          0;           0;    0.084768;    0.085536;      17.582;     17.5819;     57.0553;     noimage; 
          0;           0;    0.084768;    0.085536;      17.582;     17.5819;     57.0553;     noimage; 
          0;           0;    0.084768;    0.085536;      17.582;     17.5819;     57.0553;     noimage; 
          0;           0;    0.084768;    0.085536;      17.582;     17.5819;     57.0553;     noimage; 
          0;           0;    0.084768;    0.085536;      17.582;     17.5819;     57.0553;     noimage; 
          0;           0;    0.084768;    0.085536;      17.582;     17.5819;     57.0553;     noimage; 
          0;           0;    0.084768;    0.085536;      17.582;     17.5819;     57.0553;     noimage; 
          0;           0;    0.084768;    0.085536;      17.582;     17.5819;     57.0553;     noimage; 
          0;           0;    0.084768;    0.085536;      17.582;     17.5819;     57.0553;     noimage; 
          0;           0;    0.084768;    0.085536;      17.582;     17.5819;     57.0553;     noimage; 
          0;           0;    0.084768;    0.085536;      17.582;     17.5819;     57.0553;     noimage; 
          0;           0;    0.084768;    0.085536;      17.582;     17.5819;     57.0553;     noimage; 
          0;           0;    0.084768;    0.085536;      17.582;     17.5819;     57.0553;     noimage; 
          0;           0;    0.084768;    0.085536;      17.582;     17.5819;     57.0553;     noimage; 
          0;           0;    0.084768;    0.085536;      17.582;     17.5819;     57.0553;     noimage; 
          0;           0;    0.084768;    0.085536;      17.582;     17.5819;     57.0553;     noimage; 
          0;           0;    0.084768;    0.085536;      17.582;     17.5819;     57.0553;     noimage; 
          0;           0;    0.084768;    0.085536;      17.582;     17.5819;     57.0553;     noimage; 
          0;           0;    0.084768;    0.085536;      17.582;     17.5819;     57.0553;     noimage; 
          0;           0;    0.084768;    0.085536;      17.582;     17.5819;     57.0553;     noimage; 
          0;           0;    0.084768;    0.085536;      17.582;     17.5819;     57.0553;     noimage; 
          0;           0;    0.084768;    0.085536;      17.582;     17.5819;     57.0553;     noimage; 
          0;           0;    0.084768;    0.085536;      17.582;     17.5819;     57.0553;     noimage; 
          0;           0;    0.084768;    0.085536;      17.582;     17.5819;     57.0553;     noimage; 
          0;           0;    0.084768;    0.085536;      17.582;     17.5819;     57.0553;     noimage; 
          0;           0;    0.084768;    0.085536;      17.582;     17.5819;     57.0553;     noimage; 
          0;           0;    0.084768;    0.085536;      17.582;     17.5819;     57.0553;     noimage; 
          0;           0;    0.084768;    0.085536;      17.582;     17.5819;     57.0553;     noimage; 
          0;           0;    0.084768;    0.085536;      17.582;     17.5819;     57.0553;     noimage; 
          0;           0;    0.084768;    0.085536;      17.582;     17.5819;     57.0553;     noimage; 
          0;           0;    0.084768;    0.085536;      17.582;     17.5819;     57.0553;     noimage; 
          0;           0;   -0.000576;    0.002592;     0.97067;    0.435849;     12.2891;           0; 
          0;           0;   -0.000576;    0.002592;     0.97067;    0.435849;     12.2891;     noimage; 
          0;           0;   -0.000576;    0.002592;     0.97067;    0.435849;     12.2891;     noimage; 
          0;           0;   -0.000576;    0.002592;     0.97067;    0.435849;     12.2891;     noimage; 
          0;           0;   -0.000576;    0.002592;     0.97067;    0.435849;     12.2891;     noimage; 
          0;           0;   -0.000576;    0.002592;     0.97067;    0.435849;     12.2891;     noimage; 
          0;           0;   -0.000576;    0.002592;     0.97067;    0.435849;     12.2891;     noimage; 
          0;           0;   -0.000576;    0.002592;     0.97067;    0.435849;     12.2891;     noimage; 
          0;           0;   -0.000576;    0.002592;     0.97067;    0.435849;     12.2891;     noimage; 
          0;           0;   -0.000576;    0.002592;     0.97067;    0.435849;     12.2891;     noimage; 
          0;           0;   -0.000576;    0.002592;     0.97067;    0.435849;     12.2891;     noimage; 
          0;           0;   -0.000576;    0.002592;     0.97067;    0.435849;     12.2891;     noimage; 
          0;           0;   -0.000576;    0.002592;     0.97067;    0.435849;     12.2891;     noimage; 
          0;           0;   -0.000576;    0.002592;     0.97067;    0.435849;     12.2891;     noimage; 
          0;           0;   -0.000576;    0.002592;     0.97067;    0.435849;     12.2891;     noimage; 
          0;           0;   -0.000576;    0.002592;     0.97067;    0.435849;     12.2891;     noimage; 
          0;           0;   -0.000576;    0.002592;     0.97067;    0.435849;     12.2891;     noimage; 
          0;           0;   -0.000576;    0.002592;     0.97067;    0.435849;     12.2891;     noimage; 
          0;           0;   -0.000576;    0.002592;     0.97067;    0.435849;     12.2891;     noimage; 
          0;           0;   -0.000576;    0.002592;     0.97067;    0.435849;     12.2891;     noimage; 
          0;           0;   -0.000576;    0.002592;     0.97067;    0.435849;     12.2891;     noimage; 
          0;           0;   -0.000576;    0.002592;     0.97067;    0.435849;     12.2891;     noimage; 
          0;           0;   -0.000576;    0.002592;     0.97067;    0.435849;     12.2891;     noimage; 
          0;           0;   -0.000576;    0.002592;     0.97067;    0.435849;     12.2891;     noimage; 
          0;           0;   -0.000576;    0.002592;     0.97067;    0.435849;     12.2891;     noimage; 
          0;           0;   -0.000576;    0.002592;     0.97067;    0.435849;     12.2891;     noimage; 
          0;           0;   -0.000576;    0.002592;     0.97067;    0.435849;     12.2891;     noimage; 
          0;           0;   -0.000576;    0.002592;     0.97067;    0.435849;     12.2891;     noimage; 
       0.05;           0;   0.0468376;  0.00246331;    0.974794;    0.436014;     12.2164;     noimage; 
        0.1;           0;   0.0976575;  0.00234175;    0.976239;    0.436195;     12.1784;     noimage; 
       0.15;           0;    0.151006;  0.00232711;    0.977729;    0.436313;     12.1464;     noimage; 
        0.2;           0;    0.194835;  0.00238992;    0.979702;    0.436603;     12.0901;     noimage; 
       0.25;           0;    0.251088;  0.00245478;    0.983767;    0.437039;     11.9906;     noimage; 
        0.3;           0;    0.300676;  0.00240917;     0.98339;     0.43723;     11.9749;     noimage; 
       0.35;           0;    0.351298;  0.00218982;      0.9874;    0.437574;     11.8867;     noimage; 
        0.4;           0;    0.400657;  0.00206528;    0.989596;    0.437556;     11.8616;     noimage; 
       0.45;           0;    0.446539;  0.00205987;    0.991611;    0.437687;     11.8239;     noimage; 
        0.5;           0;    0.500854;  0.00176254;     0.99696;    0.438012;     11.7247;     noimage; 
       0.55;           0;    0.551475;  0.00152239;    0.999013;    0.437745;       11.73;     noimage; 
        0.6;           0;    0.598889;  0.00149154;     1.00013;    0.438147;     11.6768;     noimage; 
       0.65;           0;    0.649968;  0.00154586;     1.00055;    0.438668;     11.6192;     noimage; 
        0.7;           0;    0.699896;  0.00174345;     1.00205;    0.438517;     11.6234;     noimage; 
       0.75;           0;    0.748559;  0.00178217;     1.00522;    0.438941;     11.5435;     noimage; 
        0.8;           0;    0.794959;  0.00174214;     1.00647;    0.439051;     11.5226;     noimage; 
       0.85;           0;    0.847729;  0.00194483;     1.01021;    0.439391;     11.4495;     noimage; 
        0.9;           0;    0.900617; -0.00131194;    0.218502;    0.011514;    0.614184;         0.9; 
       0.95;           0;    0.953118; -0.00126488;    0.228246;   0.0124127;      0.6801;     noimage; 
          1;           0;     1.00185; -0.00142618;    0.237112;   0.0133296;    0.681839;     noimage; 
       1.05;           0;     1.05438; -0.00175395;    0.247362;   0.0143778;    0.655107;     noimage; 
        1.1;           0;     1.10479;   -0.002065;    0.253882;   0.0153617;    0.688747;     noimage; 
       1.15;           0;     1.15569; -0.00237328;    0.261034;   0.0164246;    0.681965;     noimage; 
        1.2;           0;     1.20339; -0.00235226;    0.266222;   0.0173797;    0.739078;     noimage; 
       1.25;           0;     1.25899; -0.00219237;    0.274764;   0.0185727;    0.769906;     noimage; 
        1.3;           0;     1.30572; -0.00232278;    0.281152;   0.0196433;    0.788709;     noimage; 
       1.35;           0;     1.35483;  -0.0025884;    0.286377;    0.020891;    0.758298;     noimage; 
    1.39998;  0.00124987;     1.40401; -0.00160319;    0.293423;   0.0221436;    0.840852;     noimage; 
    1.44984;  0.00499636;     1.45491;  0.00210425;    0.299809;   0.0242149;     1.05819;     noimage; 
    1.49945;   0.0112301;     1.50625;  0.00863512;    0.305614;   0.0275621;     1.34405;     noimage; 
    1.54869;   0.0199355;     1.55397;    0.017228;     0.31065;   0.0316119;     1.62496;     noimage; 
    1.59743;   0.0310908;     1.60218;    0.028434;    0.315305;   0.0375363;      2.0443;     noimage; 
    1.64555;   0.0446682;      1.6481;   0.0412609;     0.32054;   0.0437604;      2.4999;     noimage; 
    1.69293;   0.0606336;     1.69916;   0.0583834;    0.327502;   0.0523457;     3.21679;     noimage; 
    1.73946;   0.0789472;     1.74873;   0.0782612;    0.331848;   0.0618844;     3.84903;     noimage; 
    1.78501;   0.0995633;     1.79489;   0.0993831;    0.336513;   0.0709034;     4.44641;     noimage; 
    1.83003;    0.121312;     1.83968;     0.12129;    0.340594;   0.0800554;     5.01771;     noimage; 
    1.87506;     0.14306;     1.88224;    0.142061;    0.344111;   0.0878496;     5.35786;     noimage; 
    1.92008;    0.164808;     1.92407;    0.162454;    0.347442;   0.0960394;     5.72908;     noimage; 
     1.9651;    0.186556;      1.9701;    0.185138;     0.35118;    0.105033;     6.09424;     noimage; 
    2.01012;    0.208305;     2.01812;     0.20849;    0.354944;    0.114745;     6.48174;     noimage; 
    2.05514;    0.230053;     2.06312;    0.230279;    0.358396;    0.123791;     6.80759;     noimage; 
    2.10017;    0.251801;     2.10483;    0.250661;     0.36211;    0.131506;       6.981;     noimage; 
    2.14519;    0.273549;     2.14995;    0.272572;    0.367016;    0.139884;     7.19918;     noimage; 
    2.19021;    0.295298;     2.19416;    0.294002;    0.369997;    0.148782;     7.36407;     noimage; 
    2.23523;    0.317046;     2.23979;    0.316306;    0.373678;    0.158596;     7.70975;     noimage; 
    2.28026;    0.338794;      2.2867;    0.339414;    0.378249;    0.168114;     7.97626;     noimage; 
    2.32528;    0.360543;     2.33109;    0.361093;    0.381521;    0.176966;     8.06536;     noimage; 
     2.3703;    0.382291;     2.37563;     0.38272;    0.386434;    0.185822;     8.26256;     noimage; 
    2.41477;    0.405158;     2.41908;    0.405329;    0.389602;    0.195038;      8.4061;     noimage; 
    2.45803;    0.430218;     2.46442;    0.432032;    0.394743;    0.204443;     8.52851;     noimage; 
    2.49999;     0.45741;     2.50712;    0.460156;    0.398351;    0.213922;     8.56539;     noimage; 
    2.54054;    0.486665;     2.54563;    0.488091;     0.40151;    0.223186;     8.56275;     noimage; 
    2.58034;    0.516924;     2.58576;    0.518787;    0.405114;     0.23324;     8.63981;     noimage; 
    2.62015;    0.547184;      2.6254;    0.549255;     0.41004;    0.241516;     8.42073;     noimage; 
    2.65995;    0.577443;     2.66506;      0.5798;    0.414227;    0.251508;     8.43968;     noimage; 
    2.69976;    0.607702;     2.70614;    0.611395;    0.419651;     0.26085;     8.27079;     noimage; 
    2.73956;    0.637962;     2.74381;    0.640329;    0.423075;    0.271074;      8.2769;     noimage; 
    2.77937;    0.668221;     2.78496;    0.671611;    0.428433;    0.280457;     7.87383;     noimage; 
    2.81917;     0.69848;     2.82349;    0.700887;    0.432516;     0.29034;     7.71029;     noimage; 
    2.85897;     0.72874;     2.86285;    0.731213;    0.437645;    0.299442;     7.14146;     noimage; 
    2.89878;    0.758999;      2.9024;    0.761605;     0.44195;    0.309781;     6.83702;     noimage; 
    2.93858;    0.789258;     2.94155;    0.783858;    0.230924;    0.129593;     20.2415;     2.93858; 
    2.97839;    0.819518;     2.98512;     0.81686;    0.228527;    0.130365;     21.6653;     noimage; 
    3.01819;    0.849777;     3.01966;    0.843159;    0.227359;    0.130334;     22.4442;     noimage; 
    3.05799;    0.880036;     3.06334;    0.876584;      0.2246;    0.130905;     23.6619;     noimage; 
     3.0978;    0.910296;     3.10201;    0.905712;    0.222571;    0.130846;     24.3578;     noimage; 
     3.1376;    0.940555;     3.14239;    0.936205;    0.222038;    0.130513;     25.1457;     noimage; 
    3.17741;    0.970814;     3.18245;    0.966537;    0.219528;    0.130712;     26.0356;     noimage; 
    3.21644;     1.00206;     3.22284;    0.998488;    0.218301;    0.130302;     26.6666;     noimage; 
    3.25387;     1.03522;     3.25763;     1.02888;    0.216466;    0.130297;     27.3181;     noimage; 
    3.28959;      1.0702;     3.29568;     1.06574;    0.213139;    0.131021;     28.3344;     noimage; 
    3.32352;     1.10693;     3.32882;     1.10152;    0.209048;    0.132894;     29.1702;     noimage; 
    3.35652;     1.14449;     3.36344;     1.14059;    0.205278;    0.134628;     30.1669;     noimage; 
    3.38951;     1.18206;     3.39689;     1.17854;    0.202128;    0.136271;     31.0087;     noimage; 
    3.42251;     1.21962;     3.42882;     1.21507;    0.199757;    0.137788;     31.6734;     noimage; 
    3.45551;     1.25719;     3.46141;     1.25209;    0.197231;    0.139878;     32.4222;     noimage; 
    3.48851;     1.29475;     3.49508;     1.28988;    0.195664;    0.141748;     32.9482;     noimage; 
    3.52151;     1.33231;     3.52601;     1.32442;    0.194674;     0.14346;     33.4487;     noimage; 
    3.55356;     1.37069;      3.5596;     1.36453;    0.192294;     0.14701;     34.2996;     noimage; 
    3.58365;     1.41062;     3.58867;     1.40291;    0.191355;    0.150047;     34.8826;     noimage; 
    3.61171;     1.45201;     3.61875;     1.44715;       0.191;    0.153788;     35.4236;     noimage; 
    3.63767;     1.49474;      3.6441;     1.48906;    0.191549;    0.157467;     35.8207;     noimage; 
    3.66254;     1.53811;     3.66915;      1.5328;     0.19199;    0.162571;      36.465;     noimage; 
    3.68742;     1.58148;     3.69494;     1.57777;    0.193495;      0.1675;     36.9419;     noimage; 
     3.7123;     1.62486;     3.71838;      1.6184;    0.195674;    0.171795;     37.2319;     noimage; 
    3.73718;     1.66823;     3.74211;     1.65985;    0.198579;    0.176815;     37.4983;     noimage; 
    3.76206;      1.7116;     3.76916;     1.70718;    0.201503;    0.183574;       38.16;     noimage; 
    3.78694;     1.75497;     3.79418;     1.75066;     0.20477;    0.189255;     38.6228;     noimage; 
    3.81182;     1.79834;     3.81873;     1.79322;    0.208211;    0.194935;     39.1097;     noimage; 
    3.83669;     1.84171;      3.8424;     1.83459;    0.212395;    0.199929;     39.2709;     noimage; 
    3.86157;     1.88508;     3.86816;      1.8797;    0.217614;    0.206034;     39.4153;     noimage; 
    3.88645;     1.92845;     3.89266;     1.92193;    0.222726;     0.21246;     39.6816;     noimage; 
    3.91133;     1.97182;     3.91793;     1.96541;    0.228536;    0.219598;     39.9636;     noimage; 
    3.93621;      2.0152;     3.94293;     2.00844;    0.234566;    0.225398;     39.8283;     noimage; 
    3.96109;     2.05857;     3.96722;      2.0504;    0.240625;    0.232759;      40.129;     noimage; 
    3.98597;     2.10194;     3.99393;     2.09684;    0.247704;    0.240158;     40.1449;     noimage; 
    4.01084;     2.14531;     4.01885;     2.14018;    0.254005;    0.246961;     40.2838;     noimage; 
    4.03572;     2.18868;     4.04299;     2.18226;    0.260703;    0.254029;     40.3239;     noimage; 
     4.0606;     2.23205;     4.06808;     2.22585;     0.26754;     0.26057;     40.1761;     noimage; 
    4.08548;     2.27542;     4.09206;     2.26785;    0.274825;    0.267011;     39.7876;     noimage; 
    4.11036;     2.31879;     4.11797;     2.31352;    0.282463;    0.275891;     40.1368;     noimage; 
    4.13415;     2.36277;     4.14089;     2.35583;    0.289885;    0.283256;     40.0211;     noimage; 
     4.1557;     2.40789;     4.16376;     2.40325;    0.298101;    0.292174;     40.2093;     noimage; 
    4.17498;     2.45402;     4.18332;     2.45035;    0.306527;    0.300427;     40.0279;     noimage; 
    4.19193;     2.50106;      4.2008;     2.49982;    0.315571;    0.309503;     39.9215;     noimage; 
     4.2065;     2.54889;     4.21361;     2.54263;    0.322771;    0.315804;     39.4754;     noimage; 
    4.21867;     2.59739;     4.22737;     2.60015;    0.333543;    0.326218;      39.176;     4.21867; 
     4.2284;     2.64643;     4.23575;     2.64456;      0.3419;    0.333898;     38.7752;     noimage; 
    4.23566;      2.6959;     4.24265;     2.69456;    0.352069;    0.343137;     38.2174;     noimage; 
    4.24169;     2.74554;     4.24832;     2.74466;    0.363257;    0.352569;     37.2987;     noimage; 
    4.24771;     2.79517;     4.25402;     2.79278;    0.372865;    0.360099;     36.3885;     noimage; 
    4.25374;     2.84481;     4.25972;     2.84155;    0.383405;    0.367903;      35.261;     noimage; 
    4.25976;     2.89444;     4.26584;     2.89371;    0.394694;    0.375971;      34.033;     noimage; 
    4.26579;     2.94408;     4.27124;     2.94058;    0.405291;    0.382892;     32.7448;     noimage; 
    4.27057;     2.99385;     4.27599;     2.99486;    0.418063;    0.392516;     31.5213;     noimage; 
    4.27286;      3.0438;     4.27782;     3.03791;    0.429374;    0.399309;     29.9918;     noimage; 
    4.27265;      3.0938;     4.27737;     3.09522;    0.442841;    0.407503;     28.4171;     noimage; 
    4.26994;     3.14372;      4.2744;       3.144;    0.454401;    0.412808;     26.8207;     noimage; 
    4.26474;     3.19345;     4.26914;     3.19248;    0.468705;     0.41878;     24.5936;     noimage; 
    4.25706;     3.24286;     4.26154;     3.24014;    0.482516;    0.424602;     22.5944;     noimage; 
    4.24692;     3.29182;     4.25103;     3.28969;    0.495793;    0.428369;     20.7216;     noimage; 
    4.23556;     3.34051;     4.23857;      3.3416;    0.509772;    0.434274;     19.1152;     noimage; 
     4.2242;     3.38921;     4.22714;     3.38938;    0.522618;    0.440087;     17.7927;     noimage; 
    4.21284;      3.4379;      4.2156;      3.4375;    0.535646;    0.444789;     16.4382;     noimage; 
    4.20148;     3.48659;     4.20474;     3.48339;    0.547736;    0.447294;     15.2143;     noimage; 
    4.19012;     3.53528;     4.19275;      3.5337;    0.561302;    0.453018;     14.0464;     noimage; 
    4.17876;     3.58398;     4.18053;     3.58483;    0.574173;    0.456519;     13.0976;     noimage; 
     4.1674;     3.63267;     4.16938;     3.63096;    0.586862;    0.460453;     12.1191;     noimage; 
    4.15604;     3.68136;     4.15725;     3.67965;    0.598283;    0.463764;     11.6528;     noimage; 
    4.14468;     3.73005;     4.14484;     3.72899;    0.613042;    0.466094;     10.4182;     noimage; 
    4.13332;     3.77874;     4.13276;     3.77831;    0.626455;    0.469336;      9.6726;     noimage; 
    4.12075;     3.82714;     4.12025;     3.82495;    0.638021;    0.473471;     9.33731;     noimage; 
    4.10577;     3.87484;     4.10424;     3.87386;    0.651798;    0.477912;     8.68956;     noimage; 
    4.08843;     3.92174;      4.0875;     3.91807;    0.665069;    0.480636;     8.03968;     noimage; 
    4.06876;     3.96771;     4.06749;     3.96417;     0.67722;    0.482574;     7.81888;     noimage; 
    4.04682;     4.01264;     4.04478;     4.00968;      0.6904;    0.486946;     7.50559;     noimage; 
    4.02377;     4.05701;     4.02362;     4.05006;    0.700292;    0.489338;     7.63166;     noimage; 
    4.00072;     4.10138;     3.99933;     4.09609;    0.712595;    0.491651;     7.64169;     noimage; 
    3.97766;     4.14574;     3.97441;     4.14253;    0.725363;    0.494549;     7.62256;     noimage; 
    3.95461;     4.19011;     3.95176;     4.18472;     0.73545;    0.496936;     7.90048;     noimage; 
    3.93156;     4.23448;     3.92744;     4.23021;    0.746489;    0.500123;      8.1585;     noimage; 
     3.9074;     4.27826;     3.90286;     4.27385;    0.758468;    0.503219;     8.22993;     noimage; 
    3.88109;     4.32077;     3.87625;      4.3158;    0.769594;      0.5047;       8.457;     noimage; 
    3.85268;     4.36192;     3.84672;      4.3572;    0.779801;    0.508531;     8.81983;     noimage; 
    3.82226;      4.4016;     3.81667;     4.39532;    0.788414;    0.511141;     9.28394;     noimage; 
    3.78988;     4.43971;     3.78275;      4.4342;    0.796893;    0.512939;     9.83822;     noimage; 
    3.75565;     4.47615;      3.7485;      4.4697;     0.80567;    0.515824;     10.2936;     noimage; 
    3.71964;     4.51083;     3.71196;     4.50424;    0.813559;    0.518277;     10.8374;     noimage; 
    3.68277;      4.5446;     3.67413;     4.53815;    0.818258;    0.520085;     11.6001;     noimage; 
     3.6459;     4.57838;     3.64009;     4.56844;     0.82429;     0.51958;     12.1595;     noimage; 
    3.60903;     4.61215;     3.60239;      4.6021;     0.83064;    0.522638;     12.7341;     noimage; 
    3.57216;     4.64592;     3.58497;     4.64376;    0.476133;    0.304266;     9.06515;     3.57216; 
    3.53445;     4.67876;     3.54809;     4.67559;    0.482042;    0.307247;      9.2925;     noimage; 
    3.49516;     4.70968;     3.50578;     4.70834;    0.486496;    0.310364;     9.82401;     noimage; 
    3.45436;     4.73859;       3.467;     4.73534;    0.488608;    0.312689;      10.518;     noimage; 
    3.41218;     4.76543;     3.42099;      4.7639;    0.495062;    0.315774;     10.8458;     noimage; 
     3.3687;     4.79013;     3.37919;      4.7868;    0.497557;    0.318404;     11.4602;     noimage; 
    3.32462;     4.81373;     3.33552;     4.80918;    0.500868;    0.320657;     12.0821;     noimage; 
    3.28054;     4.83733;     3.29057;     4.83243;    0.504877;    0.323724;     12.6274;     noimage; 
    3.23647;     4.86093;     3.24631;     4.85558;    0.507359;    0.326578;     13.3074;     noimage; 
    3.19239;     4.88453;      3.2024;     4.87827;    0.512534;    0.330562;     13.6866;     noimage; 
    3.14831;     4.90813;     3.15812;     4.90093;    0.516504;    0.335029;     14.1713;     noimage; 
    3.10423;     4.93174;     3.11286;     4.92436;    0.520416;    0.338947;     14.6808;     noimage; 
    3.06015;     4.95534;     3.07005;     4.94638;    0.522473;    0.342154;     15.3668;     noimage; 
    3.01549;     4.97783;     3.02199;     4.96948;     0.52394;    0.346331;     16.1372;     noimage; 
    2.96977;     4.99806;     2.97552;     4.98901;    0.525396;    0.350647;     16.8633;     noimage; 
    2.92309;     5.01598;     2.93196;     5.00511;    0.527512;    0.354236;      17.463;     noimage; 
    2.87558;     5.03155;     2.88445;     5.02015;    0.528051;    0.359175;     18.1832;     noimage; 
    2.82769;     5.04592;     2.83592;     5.03389;    0.527535;    0.363233;     19.0519;     noimage; 
     2.7798;      5.0603;     2.78912;     5.04726;    0.527865;    0.367075;     19.8154;     noimage; 
    2.73191;     5.07467;     2.73636;     5.06246;    0.527679;    0.372333;     20.6707;     noimage; 
    2.68402;     5.08905;     2.68546;     5.07733;    0.527615;     0.37647;     21.5027;     noimage; 
    2.63613;     5.10342;     2.64382;     5.08941;    0.526911;    0.380171;     22.2141;     noimage; 
    2.58824;     5.11779;     2.59183;     5.10427;    0.526746;    0.386859;     23.0172;     noimage; 
    2.54035;     5.13217;     2.54333;     5.11811;    0.525345;    0.391009;     23.8826;     noimage; 
    2.49246;     5.14654;     2.49592;     5.13167;    0.525746;    0.395299;     24.5845;     noimage; 
    2.44457;     5.16092;     2.45044;     5.14477;    0.522993;    0.400107;     25.4737;     noimage; 
    2.39668;     5.17529;     2.40173;     5.15873;    0.526712;    0.406499;     25.9348;     noimage; 
    2.34879;     5.18966;     2.35653;     5.17185;    0.525749;    0.411887;     26.6868;     noimage; 
     2.3009;     5.20404;      2.3058;      5.1867;    0.526561;    0.417728;     27.3912;     noimage; 
    2.25302;     5.21841;     2.25967;     5.20007;    0.525777;     0.42342;     28.1303;     noimage; 
    2.20478;     5.23158;     2.20831;     5.21345;    0.522878;     0.42849;     29.0778;     noimage; 
    2.15595;     5.24233;     2.16127;     5.22316;    0.521224;    0.434573;     29.9022;     noimage; 
    2.10664;     5.25062;     2.11374;     5.23053;    0.517186;    0.439426;     30.8976;     noimage; 
    2.05698;     5.25644;     2.05986;     5.23568;    0.514443;    0.445344;     31.8987;     noimage; 
    2.00709;     5.25976;     2.01163;     5.23785;    0.512123;    0.450423;     32.7853;     noimage; 
     1.9571;     5.26059;     1.95955;     5.23792;    0.509503;    0.455787;     33.7673;     noimage; 
    1.90713;     5.25892;     1.90992;      5.2355;    0.506685;    0.461215;     34.7819;     noimage; 
    1.85721;       5.256;     1.86368;     5.23216;    0.502649;    0.465483;     35.8752;     noimage; 
    1.80739;     5.25184;     1.81186;      5.2269;    0.499638;    0.471189;     37.0734;     noimage; 
    1.75783;     5.24519;     1.76337;      5.2195;    0.499089;    0.476956;      38.055;     noimage; 
    1.70867;     5.23607;     1.71382;     5.20959;     0.49705;    0.481706;     39.2737;     noimage; 
    1.66002;      5.2245;     1.66421;     5.19694;    0.498161;    0.487635;     40.2986;     noimage; 
    1.61202;     5.21052;     1.61516;     5.18154;    0.497782;    0.492735;     41.7438;     noimage; 
    1.56477;     5.19416;      1.5691;     5.16445;    0.499584;    0.497772;     43.0563;     noimage; 
     1.5184;     5.17546;     1.52242;     5.14429;    0.503132;    0.502947;     44.3812;     noimage; 
    1.47303;     5.15446;     1.47819;     5.14944;    0.316755;    0.300087;      34.031;     1.47303; 
    1.42819;     5.13233;      1.4303;     5.12572;    0.317076;    0.303551;     35.2215;     noimage; 
    1.38335;      5.1102;      1.3879;     5.10471;    0.317921;    0.306709;     36.2208;     noimage; 
    1.33851;     5.08808;     1.34313;     5.08223;    0.319225;    0.310275;     37.2432;     noimage; 
    1.29367;     5.06595;     1.30094;     5.06084;    0.321069;    0.313757;     38.0091;     noimage; 
    1.24884;     5.04383;     1.25528;     5.03771;    0.323487;    0.317802;     38.8459;     noimage; 
      1.204;      5.0217;     1.20995;     5.01477;    0.324554;    0.321115;     40.3167;     noimage; 
    1.15916;     4.99957;     1.16751;     4.99358;    0.326177;    0.324302;     41.5835;     noimage; 
    1.11432;     4.97745;     1.12196;     4.97082;    0.329323;    0.328283;     42.4807;     noimage; 
    1.06948;     4.95532;     1.07508;     4.94724;    0.332391;     0.33215;     43.7804;     noimage; 
    1.02465;      4.9332;     1.03161;     4.92567;     0.33609;    0.336065;     44.6154;     noimage; 
   0.979809;     4.91107;     0.98586;     4.90302;    0.340447;    0.340444;      45.132;     noimage; 
   0.935538;     4.88783;    0.939925;     4.87862;     0.34488;    0.344679;     46.0821;     noimage; 
   0.892484;     4.86241;    0.898465;      4.8536;    0.349401;    0.348789;      46.876;     noimage; 
   0.850755;     4.83486;    0.856186;       4.825;    0.354383;    0.353024;     47.7829;     noimage; 
   0.810454;     4.80527;    0.813329;     4.79274;    0.360126;    0.357777;     48.6727;     noimage; 
   0.770905;     4.77468;    0.775248;     4.76253;    0.365873;    0.362331;     49.5293;     noimage; 
   0.731357;     4.74408;    0.737774;     4.73297;    0.372011;    0.366672;     50.6011;     noimage; 
   0.691809;     4.71349;    0.698964;     4.70252;    0.379406;    0.370885;      52.149;     noimage; 
    0.65226;      4.6829;    0.660589;     4.67259;    0.386373;    0.375725;     52.9642;     noimage; 
   0.612712;      4.6523;    0.620831;     4.64173;    0.395278;    0.380021;     54.6859;     noimage; 
   0.573164;     4.62171;    0.582258;     4.61165;    0.402896;    0.385158;     55.4846;     noimage; 
   0.533615;     4.59112;    0.540116;     4.57841;    0.411551;    0.391298;     56.3436;     noimage; 
   0.494067;     4.56053;    0.501583;     4.54782;     0.41907;    0.397297;     56.8267;     noimage; 
   0.454518;     4.52993;    0.464159;     4.51827;    0.427907;    0.402211;     57.9753;     noimage; 
    0.41497;     4.49934;    0.423571;     4.48644;    0.437204;    0.408056;     59.0079;     noimage; 
   0.375422;     4.46875;    0.385662;     4.45668;    0.446064;    0.413695;     59.8999;     noimage; 
   0.335873;     4.43815;    0.347197;     4.42616;    0.456465;    0.418383;     61.3217;     noimage; 
   0.296325;     4.40756;    0.305953;     4.39327;    0.467203;     0.42419;     62.6327;     noimage; 
   0.256776;     4.37697;    0.268214;     4.36342;    0.476674;    0.429822;     63.6093;     noimage; 
   0.217228;     4.34638;    0.224885;     4.32932;    0.488446;     0.43568;     65.1466;     noimage; 
    0.17768;     4.31578;     0.18763;     4.29966;    0.499112;    0.440768;     66.4719;     noimage; 
   0.138131;     4.28519;    0.149187;     4.26926;    0.510145;    0.445704;     67.9162;     noimage; 
  0.0985829;      4.2546;    0.110958;      4.2395;    0.519811;    0.451798;     68.9778;     noimage; 
  0.0590345;       4.224;   0.0682375;     4.20646;     0.53164;    0.458076;     70.2201;     noimage; 
  0.0202632;     4.19243;   0.0323804;     4.17715;    0.543095;    0.462015;     71.7249;     noimage; 
 -0.0168817;     4.15896; -0.00452253;     4.14337;    0.553922;    0.466991;     73.1249;     noimage; 
 -0.0523073;     4.12368;  -0.0407562;     4.10668;    0.564968;    0.472694;     74.4093;     noimage; 
 -0.0868399;     4.08752;  -0.0739802;     4.07152;    0.575872;    0.477948;     75.6076;     noimage; 
  -0.121372;     4.05136;   -0.110311;     4.03291;    0.587978;    0.483245;     77.0035;     noimage; 
  -0.155905;      4.0152;   -0.144394;     3.99632;     0.59877;    0.488583;     78.4503;     noimage; 
  -0.190438;     3.97904;   -0.177943;     3.96013;    0.609026;    0.494012;     79.8025;     noimage; 
   -0.22497;     3.94288;   -0.213658;     3.92201;    0.618653;    0.499792;     81.3461;     noimage; 
  -0.259503;     3.90672;   -0.246397;      3.8872;    0.628321;    0.503582;     82.9412;     noimage; 
  -0.294035;     3.87056;   -0.280761;      3.8502;     0.63667;      0.5079;     84.8843;     noimage; 
  -0.328568;      3.8344;   -0.314064;     3.81451;    0.644062;    0.512032;     86.7388;   -0.328568; 
    -0.3631;     3.79824;   -0.348873;     3.77721;     0.65222;    0.516137;     88.4231;     noimage; 
  -0.397633;     3.76208;   -0.380697;     3.74299;    0.659402;    0.519916;     89.8146;     noimage; 
  -0.432165;     3.72592;   -0.419938;     3.70113;    0.668933;    0.525831;    -89.1013;     noimage; 
  -0.466698;     3.68976;   -0.452112;     3.66681;    0.674573;    0.529273;    -87.6744;     noimage; 
  -0.501231;      3.6536;   -0.485848;     3.63063;    0.681579;    0.532407;    -86.3458;     noimage; 
  -0.535763;     3.61745;   -0.519313;     3.59481;    0.687407;    0.536529;    -85.1264;     noimage; 
  -0.570296;     3.58129;   -0.553127;     3.55876;    0.693267;    0.539779;    -83.8569;     noimage; 
  -0.603914;     3.54427;   -0.585193;     3.52295;    0.698155;    0.543423;    -82.6849;     noimage; 
   -0.63564;     3.50563;   -0.618748;     3.48129;    0.703804;    0.548653;    -81.6421;     noimage; 
  -0.665395;     3.46545;   -0.647668;     3.44116;    0.706358;    0.552882;    -80.3683;     noimage; 
  -0.694136;     3.42453;   -0.676255;      3.3994;    0.710946;    0.557788;     -79.378;     noimage; 
  -0.722877;     3.38362;   -0.707132;     3.35451;    0.715455;    0.561924;    -78.2392;     noimage; 
  -0.751618;      3.3427;   -0.734159;     3.31493;    0.715223;    0.563674;    -76.7538;     noimage; 
  -0.780359;     3.30179;   -0.760895;     3.27576;    0.718757;    0.567249;    -75.8553;     noimage; 
  -0.809101;     3.26088;   -0.790332;      3.2328;    0.720443;    0.570816;    -74.7165;     noimage; 
  -0.837842;     3.21996;   -0.817849;     3.19269;    0.720455;    0.574434;    -73.5776;     noimage; 
  -0.866583;     3.17905;   -0.844417;     3.15408;    0.721207;    0.577246;    -72.6076;     noimage; 
  -0.895324;     3.13814;   -0.872776;     3.11273;    0.723376;     0.58156;    -71.7609;     noimage; 
  -0.924065;     3.09722;   -0.903553;     3.06813;    0.726079;    0.585909;    -70.9127;     noimage; 
  -0.952806;     3.05631;   -0.929623;     3.03082;    0.725105;    0.589143;    -69.9255;     noimage; 
  -0.981548;     3.01539;   -0.959949;     2.98757;    0.724017;    0.591719;     -68.848;     noimage; 
   -1.01029;     2.97448;   -0.988984;     2.94558;    0.723205;    0.595264;    -67.8663;     noimage; 
   -1.03903;     2.93357;    -1.01655;     2.90524;    0.723892;    0.598709;    -67.0943;     noimage; 
   -1.06777;     2.89265;    -1.04356;     2.86595;    0.724835;    0.601653;    -66.4197;     noimage; 
   -1.09651;     2.85174;    -1.07433;     2.82128;    0.723734;    0.604879;    -65.4986;     noimage; 
   -1.12525;     2.81082;    -1.10082;     2.78249;    0.724647;    0.608114;    -64.8752;     noimage; 
   -1.15399;     2.76991;    -1.12902;     2.74131;    0.725924;    0.610362;    -64.3144;     noimage; 
   -1.18274;       2.729;    -1.15908;     2.69774;    0.724542;    0.613831;    -63.4835;     noimage; 
   -1.21148;     2.68808;    -1.18682;     2.65739;    0.725078;    0.617253;    -62.8857;     noimage; 
   -1.24022;     2.64717;    -1.21495;     2.61647;    0.725611;    0.620653;     -62.301;     noimage; 
   -1.26896;     2.60626;    -1.24098;     2.57851;    0.725814;    0.624192;    -61.7392;     noimage; 
   -1.29871;     2.56607;    -1.27172;     2.53588;    0.728911;    0.629533;    -61.3005;     noimage; 
   -1.33044;     2.52743;    -1.30005;     2.50028;    0.729294;    0.632185;    -60.8301;     noimage; 
   -1.36312;     2.48959;    -1.33435;      2.4596;    0.730459;    0.634759;    -60.3903;     noimage; 
   -1.39581;     2.45175;    -1.36685;     2.42117;    0.730519;    0.638268;     -59.837;     noimage; 
   -1.42849;     2.41391;    -1.40101;     2.38085;    0.731709;    0.641924;    -59.3715;     noimage; 
   -1.46117;     2.37607;    -1.42852;     2.34835;    0.729994;    0.642873;    -58.8968;     noimage; 
   -1.49385;     2.33823;    -1.46458;     2.30522;    0.730766;    0.646054;     -58.433;     noimage; 
   -1.52653;     2.30039;    -1.49711;     2.26676;    0.732218;    0.649049;    -58.0851;     noimage; 
   -1.55922;     2.26255;    -1.52863;     2.22978;    0.733681;    0.651416;    -57.7943;     noimage; 
    -1.5919;     2.22471;    -1.56161;     2.19084;    0.736174;     0.65568;    -57.4771;     noimage; 
   -1.62458;     2.18687;     -1.5922;     2.15488;    0.740109;    0.658069;    -57.4132;     noimage; 
   -1.65726;     2.14903;    -1.62585;     2.11536;    0.742087;    0.663307;    -57.0069;     noimage; 
   -1.68994;     2.11119;    -1.65914;     2.07591;    0.744442;    0.667187;    -56.7173;     noimage; 
   -1.72263;     2.07335;    -1.69037;     2.03919;    0.744256;    0.669039;    -56.3727;    -1.72263; 
   -1.75435;      2.0347;    -1.72434;     1.99699;    0.746874;    0.672129;     -56.159;     noimage; 
   -1.78411;     1.99452;    -1.75135;     1.95949;    0.744934;    0.672311;    -55.8062;     noimage; 
   -1.81285;      1.9536;    -1.77959;     1.91828;     0.74638;    0.676879;      -55.45;     noimage; 
   -1.84159;     1.91269;    -1.80796;     1.87706;    0.748902;    0.680573;    -55.2309;     noimage; 
   -1.87033;     1.87178;    -1.83655;      1.8352;    0.749894;    0.683354;    -54.9531;     noimage; 
   -1.89907;     1.83086;    -1.86323;     1.79601;    0.749961;     0.68533;     -54.671;     noimage; 
   -1.92781;     1.78995;    -1.89321;     1.75288;    0.750809;    0.688726;    -54.3479;     noimage; 
   -1.95656;     1.74904;    -1.92143;     1.71211;    0.748211;    0.689396;    -53.9467;     noimage; 
    -1.9853;     1.70812;    -1.95084;     1.66925;    0.747322;    0.691967;    -53.5552;     noimage; 
   -2.01404;     1.66721;    -1.97761;     1.63055;    0.747845;    0.695239;    -53.2446;     noimage; 
   -2.04278;     1.62629;    -2.00661;     1.58831;    0.747898;    0.697887;    -52.9281;     noimage; 
   -2.07152;     1.58538;     -2.0351;     1.54689;    0.748968;    0.701495;    -52.6355;     noimage; 
   -2.10026;     1.54447;    -2.06269;       1.507;    0.750892;    0.704571;     -52.456;     noimage; 
     -2.129;     1.50355;    -2.09261;     1.46361;    0.752855;    0.709172;    -52.1626;     noimage; 
   -2.15774;     1.46264;    -2.11995;     1.42411;    0.752702;    0.711289;    -51.8862;     noimage; 
   -2.18648;     1.42172;    -2.14821;     1.38307;    0.751857;    0.712268;    -51.6352;     noimage; 
   -2.21523;     1.38081;    -2.17665;     1.34157;    0.752496;    0.716419;    -51.2702;     noimage; 
   -2.24397;      1.3399;    -2.20439;     1.30132;    0.751942;    0.718126;    -50.9933;     noimage; 
   -2.27271;     1.29898;    -2.23317;     1.25969;     0.75282;    0.719616;    -50.8595;     noimage; 
   -2.30145;     1.25807;    -2.26039;     1.22051;    0.754281;    0.722218;    -50.6959;     noimage; 
   -2.33019;     1.21716;    -2.28919;     1.17883;    0.758229;    0.727607;    -50.5216;     noimage; 
   -2.35893;     1.17624;     -2.3168;     1.13841;    0.759259;    0.731091;    -50.2444;     noimage; 
   -2.38767;     1.13533;     -2.3466;     1.09482;    0.756701;    0.731249;    -49.9114;     noimage; 
   -2.41641;     1.09441;    -2.37563;     1.05267;    0.757582;    0.734525;    -49.6254;     noimage; 
   -2.44516;      1.0535;    -2.40229;     1.01396;    0.757849;    0.736785;    -49.3762;     noimage; 
    -2.4739;     1.01259;    -2.43136;    0.971889;    0.760307;    0.740893;    -49.1632;     noimage; 
   -2.50264;    0.971672;    -2.45981;    0.930598;    0.763853;     0.74564;    -49.0009;     noimage; 
   -2.53239;    0.931489;    -2.48919;    0.890334;    0.766161;    0.749513;    -48.7928;     noimage; 
   -2.56412;    0.892844;    -2.52112;    0.851585;    0.766357;    0.751563;    -48.5372;     noimage; 
    -2.5968;    0.855004;    -2.55478;    0.812545;    0.767602;    0.753674;     -48.395;     noimage; 
   -2.62948;    0.817164;    -2.58554;    0.776491;    0.769817;    0.756666;    -48.2705;     noimage; 
   -2.66217;    0.779324;    -2.61853;    0.737375;    0.770181;    0.757554;    -48.1672;     noimage; 
   -2.69485;    0.741484;    -2.65092;     0.69886;     0.77246;    0.760271;    -48.0821;     noimage; 
   -2.72753;    0.703643;    -2.68432;    0.659394;    0.774141;    0.762968;    -47.9221;     noimage; 
   -2.76021;    0.665803;    -2.71533;    0.622983;    0.774406;    0.764127;    -47.7738;     noimage; 
   -2.79289;    0.627963;    -2.74665;     0.58588;    0.774729;    0.765155;    -47.6487;     noimage; 
   -2.82558;    0.590123;    -2.77882;    0.547866;     0.77628;    0.767621;    -47.4958;     noimage; 
    -2.8573;    0.551478;    -2.81361;    0.504909;    0.778325;    0.770447;    -47.3568;     noimage; 
   -2.88706;    0.511295;    -2.84123;    0.466458;    0.778796;    0.771596;    -47.2308;     noimage; 
   -2.91477;    0.469676;    -2.86791;    0.425356;    0.777618;    0.772257;    -46.9049;     noimage; 
   -2.94036;    0.426723;     -2.8936;    0.381506;    0.780401;    0.775409;     -46.823;     noimage; 
   -2.96487;    0.383144;    -2.91608;    0.340697;    0.780831;    0.776797;    -46.6244;     noimage; 
   -2.98939;    0.339566;    -2.94031;    0.296805;    0.782162;    0.778808;    -46.4679;     noimage; 
    -3.0139;    0.295987;    -2.96609;    0.250206;    0.783012;    0.780709;    -46.2049;     noimage; 
   -3.03841;    0.252408;    -2.98786;    0.210313;    0.784386;    0.782356;    -46.1218;    -3.03841; 
   -3.06293;    0.208829;    -3.01262;     0.16572;    0.787469;    0.785756;    -46.0229;     noimage; 
   -3.08744;    0.165251;     -3.0373;    0.121027;    0.789587;    0.788801;    -45.6879;     noimage; 
   -3.11195;    0.121672;    -3.06264;   0.0741201;       0.791;    0.790647;    -45.4572;     noimage; 
   -3.13647;   0.0780929;    -3.08555;    0.032021;    0.793232;    0.793025;     -45.347;     noimage; 
   -3.16098;   0.0345141;    -3.10943;  -0.0115074;    0.794779;    0.794757;    -45.1126;     noimage; 
   -3.18549; -0.00906465;    -3.13274;  -0.0537052;    0.797375;    0.797372;    -44.9567;     noimage; 
      -3.21;  -0.0526434;    -3.15732;  -0.0990143;    0.798333;    0.798248;    -44.7827;     noimage; 
   -3.23452;  -0.0962222;    -3.18063;   -0.142381;    0.801037;    0.800751;    -44.6049;     noimage; 
   -3.25903;   -0.139801;    -3.20464;   -0.185893;    0.804212;     0.80365;    -44.4498;     noimage; 
   -3.28354;    -0.18338;    -3.22881;   -0.229301;    0.806976;     0.80551;    -44.1179;     noimage; 
   -3.30806;   -0.226959;    -3.25388;   -0.274685;    0.810009;    0.808186;    -44.0239;     noimage; 
   -3.33257;   -0.270537;    -3.27647;   -0.315321;     0.81228;    0.809552;    -43.8141;     noimage; 
   -3.35708;   -0.314116;    -3.30209;   -0.361659;    0.814501;    0.811182;    -43.7033;     noimage; 
    -3.3816;   -0.357695;    -3.32456;   -0.402083;     0.81846;    0.814327;    -43.5612;     noimage; 
   -3.40611;   -0.401274;    -3.34823;   -0.444993;    0.821538;    0.816801;    -43.4705;     noimage; 
   -3.43062;   -0.444853;     -3.3735;   -0.491199;    0.827251;     0.82098;    -43.2494;     noimage; 
   -3.45404;    -0.48903;    -3.39656;   -0.535688;    0.831603;    0.823835;    -43.0635;     noimage; 
   -3.47522;   -0.534324;    -3.41793;   -0.582397;    0.834071;    0.825294;    -42.9582;     noimage; 
   -3.49411;   -0.580618;    -3.43597;   -0.628055;     0.83914;     0.82833;    -42.7455;     noimage; 
   -3.51066;     -0.6278;    -3.45049;   -0.670703;    0.842396;    0.829682;    -42.5695;     noimage; 
   -3.52483;   -0.675749;    -3.46508;    -0.72027;    0.845805;    0.830806;      -42.38;     noimage; 
   -3.53659;   -0.724347;    -3.47674;   -0.768465;    0.850731;    0.833306;    -42.1917;     noimage; 
   -3.54713;   -0.773223;     -3.4879;   -0.821856;    0.856532;    0.836454;    -42.0032;     noimage; 
   -3.55767;     -0.8221;    -3.49766;   -0.870734;    0.862816;    0.838764;    -41.7344;     noimage; 
   -3.56821;   -0.870976;    -3.50753;   -0.919322;    0.868649;    0.840133;    -41.4622;     noimage; 
   -3.57875;   -0.919853;    -3.51844;   -0.971063;    0.876896;    0.843493;    -41.1856;     noimage; 
   -3.58929;   -0.968729;    -3.52849;    -1.01863;    0.883816;    0.845175;     -40.915;     noimage; 
   -3.59983;    -1.01761;    -3.53858;    -1.06634;    0.893253;    0.850129;    -40.6933;     noimage; 
   -3.61037;    -1.06648;    -3.54845;    -1.11327;    0.900671;    0.851763;    -40.4314;     noimage; 
   -3.62091;    -1.11536;    -3.55937;    -1.16659;    0.912039;    0.856925;    -40.1595;     noimage; 
   -3.63266;    -1.16396;    -3.56956;    -1.21198;    0.921513;    0.862103;    -39.9838;     noimage; 
   -3.64684;    -1.21191;    -3.58386;    -1.26226;    0.930727;    0.864906;    -39.7399;     noimage; 
   -3.66339;    -1.25909;    -3.59994;    -1.30896;    0.936619;    0.865259;    -39.5568;     noimage; 
   -3.68228;    -1.30538;    -3.61804;    -1.35447;    0.943862;    0.866746;    -39.3697;     noimage; 
   -3.70232;    -1.35119;    -3.63606;     -1.3973;    0.951163;    0.869538;    -39.2328;     noimage; 
   -3.72236;      -1.397;    -3.65563;     -1.4439;    0.961069;    0.873482;    -39.0456;     noimage; 
    -3.7424;    -1.44281;    -3.67659;    -1.49324;    0.968645;    0.876014;    -38.9101;     noimage; 
   -3.76244;    -1.48862;    -3.69533;    -1.53698;     0.97665;    0.879555;    -38.7893;     noimage; 
   -3.78248;    -1.53442;    -3.71541;    -1.58368;     0.98405;    0.883405;    -38.7063;     noimage; 
   -3.80137;    -1.58072;    -3.73412;    -1.63059;    0.992712;    0.885687;    -38.5399;     noimage; 
   -3.81792;     -1.6279;    -3.75064;    -1.67912;     1.00277;    0.888341;    -38.3466;     noimage; 
   -3.83209;    -1.67585;    -3.76371;    -1.72425;     1.01147;    0.889363;    -38.1551;     noimage; 
   -3.84385;    -1.72445;    -3.77579;    -1.77569;     1.02494;    0.890953;     -37.848;     noimage; 
   -3.85316;    -1.77357;    -3.78452;    -1.82399;     1.03675;    0.893889;    -37.6334;     noimage; 
   -3.86001;     -1.8231;    -3.79081;    -1.87253;     1.04898;    0.897208;    -37.4242;    -3.86001; 
   -3.86437;    -1.87291;    -3.79477;    -1.92418;     1.06191;    0.899394;    -37.1835;     noimage; 
   -3.86624;    -1.92287;    -3.79615;    -1.97028;     1.07723;     0.90167;    -36.8765;     noimage; 
   -3.86561;    -1.97287;    -3.79503;    -2.02326;     1.09421;    0.904603;    -36.5649;     noimage; 
   -3.86248;    -2.02277;    -3.79105;     -2.0748;     1.11306;    0.908139;    -36.2218;     noimage; 
   -3.85686;    -2.07246;    -3.78489;    -2.12249;     1.12823;    0.909543;    -35.9462;     noimage; 
   -3.84877;     -2.1218;    -3.77587;    -2.17347;     1.14824;    0.913249;    -35.6023;     noimage; 
   -3.83822;    -2.17067;    -3.76415;    -2.22396;     1.16703;    0.916156;    -35.2914;     noimage; 
   -3.82524;    -2.21896;    -3.75073;    -2.27119;     1.18855;    0.919316;    -34.9097;     noimage; 
   -3.80986;    -2.26653;    -3.73556;    -2.31642;     1.20945;    0.922329;    -34.5538;     noimage; 
    -3.7933;    -2.31371;    -3.71656;    -2.36792;     1.23399;    0.925913;    -34.1457;     noimage; 
   -3.77674;    -2.36089;    -3.70094;    -2.40933;     1.25337;    0.928519;     -33.838;     noimage; 
   -3.76018;    -2.40807;    -3.68158;    -2.46131;     1.27972;    0.932902;    -33.4195;     noimage; 
   -3.74362;    -2.45524;    -3.66483;    -2.50653;     1.30353;    0.936387;    -33.0381;     noimage; 
   -3.72705;    -2.50242;    -3.64837;    -2.55012;     1.32699;    0.939539;    -32.6684;     noimage; 
   -3.71049;     -2.5496;    -3.63005;    -2.59864;     1.35218;      0.9434;    -32.2981;     noimage; 
   -3.69393;    -2.59677;    -3.61247;    -2.64567;      1.3777;    0.947087;    -31.9134;     noimage; 
   -3.67737;    -2.64395;    -3.59449;    -2.69365;     1.40391;    0.952092;    -31.5382;     noimage; 
   -3.66081;    -2.69113;    -3.57885;    -2.73534;     1.42716;    0.956538;    -31.2062;     noimage; 
   -3.64425;    -2.73831;    -3.56103;    -2.78344;     1.45505;    0.961347;    -30.8014;     noimage; 
   -3.62768;    -2.78548;    -3.54308;     -2.8324;     1.48385;    0.967108;    -30.3933;     noimage; 
   -3.61112;    -2.83266;    -3.52571;    -2.87978;     1.51256;    0.972702;    -29.9844;     noimage; 
   -3.59456;    -2.87984;       -3.51;     -2.9224;     1.53761;    0.976913;    -29.6321;     noimage; 
     -3.578;    -2.92702;     -3.4923;    -2.97002;     1.56531;    0.981482;    -29.2606;     noimage; 
   -3.56144;    -2.97419;    -3.47504;    -3.01692;     1.59271;    0.986169;    -28.8976;     noimage; 
    -3.5437;    -3.02094;     -3.4564;    -3.06388;     1.62042;    0.990925;    -28.5289;     noimage; 
   -3.52365;    -3.06675;    -3.43525;    -3.10995;     1.64925;    0.994282;    -28.1318;     noimage; 
   -3.50134;    -3.11149;    -3.41258;    -3.15368;     1.67735;    0.998812;    -27.7495;     noimage; 
   -3.47681;    -3.15506;     -3.3884;     -3.1954;     1.70509;     1.00395;    -27.3913;     noimage; 
   -3.45014;    -3.19736;    -3.35853;    -3.24142;     1.73788;     1.00961;    -26.9262;     noimage; 
   -3.42243;    -3.23897;    -3.33086;    -3.28122;     1.76604;     1.01533;    -26.5532;     noimage; 
   -3.39471;    -3.28058;    -3.30324;    -3.32089;     1.79527;     1.01995;    -26.1325;     noimage; 
   -3.36699;     -3.3222;    -3.27367;    -3.36345;     1.82639;     1.02637;    -25.6986;     noimage; 
   -3.33927;    -3.36381;    -3.24534;    -3.40428;      1.8556;     1.03282;    -25.2856;     noimage; 
   -3.31155;    -3.40542;     -3.2182;    -3.44352;     1.88369;      1.0388;     -24.898;     noimage; 
   -3.28383;    -3.44704;    -3.18846;    -3.48706;     1.91473;     1.04554;    -24.4819;     noimage; 
   -3.25611;    -3.48865;    -3.16056;    -3.52792;     1.94493;     1.05036;    -24.0523;     noimage; 
   -3.22736;    -3.52956;    -3.13018;     -3.5697;     1.97588;     1.05707;    -23.6166;     noimage; 
    -3.1966;    -3.56898;    -3.09873;    -3.60843;     2.00617;     1.06291;    -23.1782;     noimage; 
   -3.16391;    -3.60681;    -3.06886;    -3.64179;     2.03364;     1.06813;     -22.784;     noimage; 
   -3.12937;    -3.64296;    -3.03049;    -3.68083;     2.06619;     1.07584;    -22.3439;     noimage; 
   -3.09307;    -3.67734;    -2.99414;    -3.71429;     2.09598;     1.08193;    -21.9001;     noimage; 
   -3.05592;    -3.71081;    -2.95636;    -3.74722;     2.12599;     1.08818;    -21.4381;     noimage; 
   -3.01876;    -3.74427;    -2.91762;    -3.78082;     2.15632;     1.09494;    -20.9725;     noimage; 
   -2.98161;    -3.77773;    -2.88132;     -3.8122;      2.1844;     1.10149;    -20.5371;     noimage; 
   -2.94446;    -3.81119;    -2.88776;    -3.84057;     1.77943;     0.90479;    -19.5001;    -2.94446; 
   -2.90731;    -3.84465;    -2.85021;    -3.87364;     1.80113;    0.910909;      -19.07;     noimage; 
   -2.87015;    -3.87812;    -2.81312;    -3.90661;      1.8236;    0.916647;    -18.6522;     noimage; 
     -2.833;    -3.91158;    -2.77463;    -3.94046;     1.84612;    0.921999;    -18.1654;     noimage; 
   -2.79585;    -3.94504;     -2.7376;    -3.97266;     1.86668;    0.928323;    -17.7389;     noimage; 
    -2.7587;     -3.9785;    -2.69765;    -4.00736;     1.88949;    0.934607;    -17.2628;     noimage; 
   -2.72154;    -4.01196;    -2.66196;    -4.03886;     1.91053;    0.940231;    -16.8342;     noimage; 
   -2.68439;    -4.04543;    -2.62514;    -4.07153;     1.93132;    0.946056;     -16.393;     noimage; 
   -2.64724;    -4.07889;    -2.59045;    -4.10186;      1.9517;    0.950578;    -15.9523;     noimage; 
   -2.61009;    -4.11235;    -2.55139;    -4.13617;     1.97294;    0.956856;    -15.4632;     noimage; 
   -2.57294;    -4.14581;    -2.51391;     -4.1693;     1.99264;    0.963619;    -15.0271;     noimage; 
   -2.53578;    -4.17927;    -2.47484;    -4.20379;      2.0141;    0.969371;    -14.5363;     noimage; 
   -2.49781;     -4.2118;    -2.43341;    -4.23841;     2.03534;    0.976584;    -14.0653;     noimage; 
   -2.45825;    -4.24238;    -2.39897;    -4.26438;     2.05201;    0.981933;    -13.6605;     noimage; 
   -2.41722;    -4.27095;    -2.35734;    -4.29286;      2.0715;    0.988136;    -13.1979;     noimage; 
   -2.37481;    -4.29743;    -2.31189;    -4.32042;     2.09098;    0.994794;    -12.6971;     noimage; 
   -2.33175;    -4.32285;     -2.2683;    -4.34492;     2.10821;     1.00108;      -12.19;     noimage; 
   -2.28806;    -4.34718;    -2.22569;    -4.36776;     2.12493;     1.00718;    -11.7329;     noimage; 
   -2.24322;    -4.36929;    -2.17852;    -4.39027;     2.14183;     1.01421;    -11.2434;     noimage; 
   -2.19733;    -4.38914;    -2.13471;     -4.4085;     2.15776;     1.02018;      -10.75;     noimage; 
    -2.1505;    -4.40667;    -2.08471;    -4.42651;     2.17551;     1.02732;    -10.2197;     noimage; 
   -2.10286;    -4.42183;    -2.03695;    -4.44107;     2.18953;     1.03419;    -9.71406;     noimage; 
   -2.05485;     -4.4358;    -1.99139;    -4.45362;     2.20239;     1.04077;    -9.23744;     noimage; 
   -2.00684;    -4.44978;    -1.94231;    -4.46712;     2.21538;     1.04778;    -8.70146;     noimage; 
   -1.95883;    -4.46375;    -1.89222;    -4.48118;     2.22639;     1.05546;    -8.19849;     noimage; 
   -1.91082;    -4.47772;    -1.84449;    -4.49455;     2.23789;     1.06257;    -7.68082;     noimage; 
   -1.86282;    -4.49169;    -1.79367;    -4.50867;     2.24776;     1.07054;     -7.1637;     noimage; 
   -1.81481;    -4.50566;    -1.74814;    -4.52141;     2.25811;     1.07768;    -6.70137;     noimage; 
   -1.76646;    -4.51842;    -1.70188;    -4.53288;     2.26972;     1.08501;    -6.21128;     noimage; 
   -1.71754;    -4.52876;    -1.65196;    -4.54233;     2.27873;     1.09297;    -5.68602;     noimage; 
   -1.66817;    -4.53664;     -1.6015;    -4.54947;     2.28594;     1.10104;    -5.16413;     noimage; 
   -1.61846;    -4.54203;    -1.55561;    -4.55386;     2.29139;     1.10822;    -4.68627;     noimage; 
   -1.56863;    -4.54619;    -1.50442;    -4.55722;     2.29565;     1.11608;    -4.16758;     noimage; 
   -1.51881;    -4.55034;    -1.45343;    -4.56037;     2.30257;     1.12427;    -3.60815;     noimage; 
   -1.46898;     -4.5545;     -1.4041;    -4.56361;     2.30682;     1.13211;    -3.07465;     noimage; 
   -1.41915;    -4.55865;    -1.35476;    -4.56678;     2.30985;     1.14018;    -2.55344;     noimage; 
   -1.36933;    -4.56281;     -1.3056;    -4.57006;     2.31411;     1.14838;    -2.06199;     noimage; 
    -1.3195;    -4.56696;    -1.25555;    -4.57386;     2.31746;     1.15692;    -1.52447;     noimage; 
   -1.26958;    -4.56987;    -1.20484;    -4.57639;     2.31954;     1.16539;    -0.99775;     noimage; 
   -1.21958;    -4.57028;    -1.15665;     -4.5762;      2.3199;     1.17344;   -0.467097;     noimage; 
   -1.16963;    -4.56819;     -1.1029;    -4.57308;      2.3221;     1.18275;    0.125316;     noimage; 
   -1.11984;     -4.5636;    -1.05369;    -4.56765;      2.3201;     1.19136;    0.663721;     noimage; 
   -1.07018;    -4.55778;    -1.00776;    -4.56147;     2.31858;     1.19963;     1.18473;     noimage; 
   -1.02052;    -4.55195;    -0.95697;    -4.55471;     2.31572;     1.20857;     1.70407;     noimage; 
  -0.970861;    -4.54612;   -0.908163;    -4.54818;     2.31328;     1.21722;     2.22918;     noimage; 
  -0.921202;    -4.54029;   -0.909731;    -4.56029;    0.891592;    0.466902;   -0.974722;   -0.921202; 
  -0.871704;    -4.53323;   -0.859608;    -4.55319;    0.893242;    0.470311;   -0.416675;     noimage; 
  -0.822621;    -4.52369;   -0.811509;     -4.5441;    0.893434;    0.473835;    0.130379;     noimage; 
  -0.774076;    -4.51172;   -0.762307;    -4.53212;    0.894293;    0.477379;    0.737047;     noimage; 
   -0.72619;    -4.49734;   -0.714473;    -4.51764;    0.893462;    0.481243;      1.3124;     noimage; 
  -0.679082;    -4.48058;   -0.667014;    -4.50044;    0.893617;    0.485596;      1.9568;     noimage; 
  -0.632871;    -4.46148;    -0.61923;    -4.48047;    0.890915;    0.489151;     2.41493;     noimage; 
  -0.587672;     -4.4401;   -0.576086;    -4.45979;    0.888633;    0.493687;     2.96903;     noimage; 
  -0.543022;     -4.4176;   -0.531152;      -4.437;    0.886614;    0.498647;     3.56085;     noimage; 
  -0.498372;     -4.3951;   -0.485778;    -4.41387;    0.884047;    0.503149;     4.10459;     noimage; 
  -0.453722;     -4.3726;   -0.439035;    -4.38965;    0.882528;    0.507154;     4.61272;     noimage; 
  -0.409071;     -4.3501;   -0.399114;    -4.36897;    0.881236;    0.511287;     5.13036;     noimage; 
  -0.364421;    -4.32759;     -0.3523;      -4.345;    0.876566;    0.516391;     5.62937;     noimage; 
  -0.319771;    -4.30509;   -0.307686;    -4.32211;    0.872731;     0.52071;     6.05398;     noimage; 
   -0.27512;    -4.28259;   -0.263767;    -4.29946;    0.869812;     0.52578;     6.57841;     noimage; 
  -0.231046;    -4.25898;   -0.222004;    -4.27693;    0.867967;    0.529832;     6.98688;     noimage; 
  -0.188208;    -4.23319;   -0.178417;    -4.25049;    0.865648;    0.534734;     7.50992;     noimage; 
  -0.146711;     -4.2053;   -0.135479;    -4.22118;    0.863154;    0.540188;     8.09981;     noimage; 
  -0.106661;    -4.17537;  -0.0969782;    -4.19186;    0.859626;    0.545517;     8.47572;     noimage; 
 -0.0681562;    -4.14347;  -0.0572002;    -4.15821;    0.856076;    0.552292;     9.10623;     noimage; 
  -0.030461;    -4.11062;  -0.0225765;     -4.1276;    0.852308;    0.558405;     9.53293;     noimage; 
 0.00723407;    -4.07777;   0.0168171;    -4.09273;    0.849924;    0.563162;     9.84196;     noimage; 
  0.0449292;    -4.04492;   0.0523421;    -4.06104;     0.84696;    0.568039;     10.0742;     noimage; 
  0.0826243;    -4.01207;   0.0903217;    -4.02732;    0.843667;    0.574191;     10.4321;     noimage; 
   0.120319;    -3.97922;    0.127212;    -3.99443;    0.842385;    0.578455;      10.606;     noimage; 
   0.158015;    -3.94637;    0.160821;    -3.96436;    0.839084;    0.584346;     10.8769;     noimage; 
    0.19571;    -3.91352;    0.202793;    -3.92703;    0.835252;    0.591731;     11.0655;     noimage; 
   0.233405;    -3.88068;    0.237433;    -3.89633;    0.833966;     0.59737;     11.3706;     noimage; 
     0.2711;    -3.84783;    0.277442;    -3.86089;    0.831791;    0.604211;     11.6279;     noimage; 
   0.308795;    -3.81498;    0.312014;    -3.83035;     0.83027;    0.611153;     12.1619;     noimage; 
    0.34649;    -3.78213;    0.350352;    -3.79659;    0.828646;    0.617819;     12.4528;     noimage; 
   0.384185;    -3.74928;    0.386745;    -3.76468;    0.826897;    0.624317;     12.6445;     noimage; 
    0.42188;    -3.71643;    0.425407;    -3.73094;    0.825801;    0.631859;     12.9948;     noimage; 
   0.458742;    -3.68265;    0.464291;    -3.69506;    0.823861;    0.640857;      13.593;     noimage; 
    0.49387;    -3.64707;    0.497146;     -3.6615;    0.822741;     0.64746;     13.7401;     noimage; 
   0.527176;    -3.60977;    0.531049;    -3.62304;    0.821199;    0.655693;     13.8597;     noimage; 
   0.559539;    -3.57166;    0.563193;    -3.58458;    0.821105;    0.663665;     14.1186;     noimage; 
   0.591902;    -3.53355;    0.595658;    -3.54578;    0.821937;    0.670392;     14.0464;     noimage; 
   0.624264;    -3.49543;    0.629605;    -3.50532;    0.822234;    0.679634;     14.4065;     noimage; 
   0.656627;    -3.45732;    0.657058;    -3.47257;    0.822436;     0.68666;     14.7003;     noimage; 
    0.68899;    -3.41921;    0.691627;    -3.43144;    0.823538;    0.694908;     14.9017;     noimage; 
   0.721353;    -3.38109;    0.724152;    -3.39268;    0.824608;    0.703481;     15.0519;     noimage; 
   0.753716;    -3.34298;    0.755271;    -3.35555;    0.825906;    0.712068;     15.0755;     noimage; 
   0.786079;    -3.30487;    0.787674;    -3.31705;    0.827985;    0.720692;     15.2932;     noimage; 
   0.818442;    -3.26675;    0.820137;    -3.27814;     0.83057;    0.728116;     15.0304;     noimage; 
   0.850805;    -3.22864;    0.870126;    -3.24057;    0.262013;    0.216611;     28.5292;    0.850805; 
   0.883168;    -3.19052;    0.900573;    -3.20502;    0.258717;    0.218214;     29.7306;     noimage; 
   0.915531;    -3.15241;    0.933796;    -3.16648;    0.255619;      0.2197;     31.0043;     noimage; 
   0.947893;     -3.1143;    0.964498;    -3.13088;     0.25417;    0.220134;     31.5276;     noimage; 
   0.980256;    -3.07618;    0.998053;    -3.09225;    0.252716;    0.220701;     32.3222;     noimage; 
    1.01262;    -3.03807;     1.03316;    -3.05188;    0.250407;    0.221623;     33.3007;     noimage; 
    1.04498;    -2.99996;     1.06411;    -3.01603;    0.248663;     0.22259;     34.0954;     noimage; 
    1.07734;    -2.96184;     1.09575;    -2.97891;    0.246875;     0.22361;      34.927;     noimage; 
    1.10971;    -2.92373;     1.12836;    -2.94102;    0.244469;    0.225003;     36.0483;     noimage; 
    1.14207;    -2.88562;     1.16326;    -2.90056;    0.243767;    0.225247;     36.4128;     noimage; 
    1.17443;     -2.8475;     1.19665;    -2.86177;    0.242405;    0.226327;     37.1519;     noimage; 
     1.2068;    -2.80939;     1.22784;    -2.82573;    0.241004;    0.227671;     37.9584;     noimage; 
    1.23916;    -2.77128;     1.26195;    -2.78602;    0.240348;    0.228201;     38.4276;     noimage; 
    1.27152;    -2.73316;      1.2925;    -2.75011;    0.239765;    0.229236;     38.9689;     noimage; 
    1.30389;    -2.69505;     1.32483;    -2.71219;    0.239061;     0.23027;     39.6045;     noimage; 
    1.33625;    -2.65693;     1.35936;    -2.67222;    0.238723;    0.231349;     40.1318;     noimage; 
    1.36861;    -2.61882;     1.39006;    -2.63686;    0.238631;    0.232418;     40.5651;     noimage; 
    1.40097;    -2.58071;     1.42304;    -2.59869;    0.238845;    0.233134;     40.8172;     noimage; 
    1.43237;     -2.5418;     1.45417;    -2.56063;    0.238999;    0.234198;     41.1845;     noimage; 
    1.46179;    -2.50137;     1.48543;    -2.51843;    0.239157;    0.235952;     41.9186;     noimage; 
    1.48915;    -2.45951;     1.51062;    -2.48079;    0.239733;    0.237346;     42.3584;     noimage; 
    1.51545;    -2.41699;     1.53762;    -2.43808;     0.24067;    0.239129;     42.8977;     noimage; 
    1.54176;    -2.37447;     1.56609;    -2.39303;    0.241843;    0.240998;     43.4584;     noimage; 
    1.56806;    -2.33195;     1.59252;    -2.35127;    0.243345;    0.242878;     43.8583;     noimage; 
    1.59436;    -2.28943;     1.61885;    -2.30942;    0.245507;    0.245398;      44.449;     noimage; 
    1.62067;    -2.24691;      1.6454;    -2.26793;    0.246636;    0.246567;     44.5691;     noimage; 
    1.64697;    -2.20438;      1.6732;    -2.22428;    0.249154;    0.249151;     45.0802;     noimage; 
    1.67328;    -2.16186;     1.69973;    -2.18204;    0.251607;    0.251524;     45.4732;     noimage; 
    1.69958;    -2.11934;     1.72789;    -2.13736;     0.25391;    0.253721;     45.7083;     noimage; 
    1.72588;    -2.07682;     1.75384;    -2.09584;    0.257023;    0.256571;      46.093;     noimage; 
    1.75219;     -2.0343;     1.77918;    -2.05544;    0.259957;    0.259157;     46.4515;     noimage; 
    1.77849;    -1.99177;     1.80669;    -2.01154;    0.262677;    0.261696;     46.6001;     noimage; 
     1.8048;    -1.94925;     1.83337;    -1.96858;    0.266075;    0.264699;     46.9018;     noimage; 
     1.8311;    -1.90673;     1.85804;    -1.92887;    0.269221;     0.26752;     47.1204;     noimage; 
     1.8574;    -1.86421;     1.88497;    -1.88571;    0.272849;    0.270647;     47.4252;     noimage; 
    1.88371;    -1.82169;     1.91203;    -1.84235;    0.277023;    0.274094;     47.8045;     noimage; 
    1.91001;    -1.77917;     1.93866;    -1.79969;    0.279901;    0.276903;     47.8471;     noimage; 
    1.93631;    -1.73664;      1.9656;    -1.75634;    0.284675;     0.28055;     48.3271;     noimage; 
    1.96262;    -1.69412;     1.98854;    -1.71893;    0.287718;    0.283361;     48.4232;     noimage; 
    1.98892;     -1.6516;     2.01725;    -1.67279;    0.292429;    0.287102;     48.7936;     noimage; 
    2.01523;    -1.60908;     2.04262;    -1.63231;    0.295483;    0.290241;      48.776;     noimage; 
    2.04153;    -1.56656;     2.06976;    -1.58917;    0.300542;    0.294201;     49.1495;     noimage; 
    2.06783;    -1.52403;     2.09699;    -1.54611;    0.305024;    0.297947;     49.3902;     noimage; 
    2.09414;    -1.48151;     2.12244;    -1.50546;    0.309108;    0.301543;     49.5442;     noimage; 
    2.12044;    -1.43899;     2.15128;    -1.45983;    0.313682;    0.305465;     49.7379;     noimage; 
    2.14675;    -1.39647;     2.16783;    -1.40685;     0.15905;    0.158268;     46.5773;     2.14675; 
    2.17305;    -1.35395;     2.19484;    -1.36245;    0.159173;    0.157843;     47.0367;     noimage; 
    2.19935;    -1.31143;     2.21908;    -1.32244;    0.159307;    0.157298;     47.4581;     noimage; 
    2.22566;     -1.2689;     2.24641;    -1.27766;    0.160179;    0.156887;     48.0726;     noimage; 
    2.25196;    -1.22638;     2.27219;    -1.23584;    0.161183;    0.156629;     48.5806;     noimage; 
    2.27826;    -1.18386;     2.29623;    -1.19652;    0.161702;    0.156102;     48.9159;     noimage; 
    2.30457;    -1.14134;      2.3237;    -1.15126;    0.163225;    0.155844;     49.4502;     noimage; 
    2.33087;    -1.09882;     2.35051;    -1.10716;    0.164121;    0.155246;     49.7989;     noimage; 
    2.35718;    -1.05629;     2.37677;    -1.06394;    0.166509;    0.154978;     50.3621;     noimage; 
    2.38348;    -1.01377;     2.40295;    -1.02105;    0.167524;    0.154323;     50.6382;     noimage; 
    2.40978;    -0.97125;     2.42841;   -0.979014;    0.169296;    0.153954;     51.0091;     noimage; 
    2.43609;   -0.928729;     2.45582;   -0.933612;    0.171556;    0.153508;     51.4009;     noimage; 
    2.46239;   -0.886207;     2.48039;   -0.893142;    0.174067;    0.153217;     51.7854;     noimage; 
     2.4887;   -0.843685;      2.5052;   -0.852726;    0.175756;    0.152686;     52.0207;     noimage; 
      2.515;   -0.801163;     2.53309;   -0.807597;    0.177668;    0.152267;      52.302;     noimage; 
     2.5413;   -0.758641;     2.56021;   -0.762935;    0.180237;    0.151992;     52.6432;     noimage; 
    2.56761;   -0.716119;     2.58443;   -0.722444;    0.181869;    0.151646;     52.8611;     noimage; 
    2.59391;   -0.673598;      2.6103;   -0.680028;    0.183032;    0.151127;     52.9891;     noimage; 
    2.62022;   -0.631076;     2.63556;   -0.639358;    0.185196;    0.150797;     53.2161;     noimage; 
    2.64652;   -0.588554;     2.66266;   -0.595659;    0.185998;     0.15022;     53.2636;     noimage; 
    2.67282;   -0.546032;     2.68745;   -0.555306;    0.186046;     0.14978;     53.2944;     noimage; 
    2.69913;    -0.50351;     2.71231;    -0.51428;    0.188086;    0.149552;     53.4927;     noimage; 
    2.72543;   -0.460988;     2.73972;   -0.468998;    0.189423;    0.149265;     53.6308;     noimage; 
    2.75173;   -0.418467;     2.76893;   -0.421045;    0.191604;    0.149022;     53.8048;     noimage; 
    2.77804;   -0.375945;     2.79283;    -0.38191;     0.19243;    0.148861;     53.9068;     noimage; 
    2.80434;   -0.333423;     2.81625;   -0.343514;    0.194946;    0.148791;     54.0912;     noimage; 
    2.83065;   -0.290901;     2.84405;   -0.298125;    0.197841;    0.148731;     54.2931;     noimage; 
    2.85695;   -0.248379;      2.8713;   -0.253811;    0.200283;     0.14869;     54.4356;     noimage; 
    2.88325;   -0.205857;     2.89685;   -0.212156;    0.199826;    0.148447;     54.3759;     noimage; 
    2.90956;   -0.163336;     2.92226;   -0.170464;    0.201141;    0.148372;     54.4172;     noimage; 
    2.93586;   -0.120814;     2.94809;   -0.127812;    0.203084;    0.148447;     54.5279;     noimage; 
    2.96217;   -0.078292;     2.97449;  -0.0843616;     0.20596;    0.148711;     54.7187;     noimage; 
    2.98847;  -0.0357701;     3.00197;  -0.0392335;    0.208229;    0.148903;     54.8503;     noimage; 
    3.01477;  0.00675169;     3.02757;  0.00236599;    0.209966;    0.149133;     54.9514;     noimage; 
    3.04108;   0.0492735;     3.05254;    0.042575;    0.211457;    0.149412;     55.0395;     noimage; 
    3.06738;   0.0917954;     3.08069;   0.0883261;    0.214086;    0.149753;     55.1465;     noimage; 
    3.09369;    0.134317;     3.10494;    0.128279;     0.21634;    0.150077;     55.2436;     noimage; 
    3.11999;    0.176839;     3.13022;    0.169976;    0.220673;    0.150602;     55.4768;     noimage; 
    3.14629;    0.219361;     3.15868;    0.216688;    0.224715;    0.151175;     55.6403;     noimage; 
     3.1726;    0.261883;     3.18312;    0.257139;    0.227291;     0.15157;     55.6962;     noimage; 
     3.1989;    0.304405;     3.20772;    0.298161;     0.22958;     0.15211;     55.7947;     noimage; 
     3.2252;    0.346926;     3.23633;    0.345295;    0.233274;    0.152811;      55.916;     noimage; 
    3.25151;    0.389448;     3.26024;    0.384677;     0.23487;    0.153388;     55.9773;     noimage; 
    3.27781;     0.43197;     3.28882;    0.431799;    0.237109;    0.154117;     56.0286;     noimage; 
    3.30412;    0.474492;     3.31463;    0.474764;    0.238914;    0.154807;     56.0636;     noimage; 
    3.33042;    0.517014;     3.33834;    0.515308;    0.144354;    0.121136;      53.062;     3.33042; 
    3.35672;    0.559535;     3.36547;     0.55971;    0.145435;    0.120131;     53.2577;     noimage; 
    3.38303;    0.602057;     3.39089;    0.601233;    0.148692;    0.119456;     53.7037;     noimage; 
    3.40933;    0.644579;     3.41623;    0.642783;    0.150563;    0.118557;     53.9116;     noimage; 
    3.43564;    0.687101;     3.44151;    0.684189;    0.152855;    0.117697;     54.1298;     noimage; 
    3.46194;    0.729623;     3.46727;     0.72559;    0.153284;    0.116738;     54.1744;     noimage; 
    3.48824;    0.772145;     3.49418;    0.769028;    0.154388;    0.115848;     54.3126;     noimage; 
    3.51455;    0.814666;     3.52055;    0.811985;    0.155355;    0.114904;     54.3882;     noimage; 
    3.54085;    0.857188;     3.54732;    0.855763;    0.157922;    0.114154;     54.6178;     noimage; 
    3.56715;     0.89971;     3.57343;    0.898117;    0.159707;    0.113344;     54.7389;     noimage; 
    3.59346;    0.942232;      3.5991;    0.939794;    0.161849;    0.112669;     54.9203;     noimage; 
    3.61976;    0.984754;      3.6272;    0.985554;    0.164311;    0.111895;     55.0681;     noimage; 
    3.64607;     1.02728;     3.65162;     1.02476;    0.166316;    0.111321;     55.2231;     noimage; 
    3.67237;      1.0698;     3.67995;     1.07041;    0.168739;    0.110606;     55.3427;     noimage; 
    3.69867;     1.11232;     3.70502;     1.11133;    0.170792;    0.110041;     55.4589;     noimage; 
    3.72498;     1.15484;      3.7325;     1.15644;    0.172207;    0.109388;     55.5183;     noimage; 
    3.75128;     1.19736;     3.75744;     1.19761;    0.174982;    0.109001;     55.7075;     noimage; 
    3.77759;     1.23988;      3.7841;     1.24117;    0.177953;    0.108609;     55.9024;     noimage; 
    3.80389;     1.28241;     3.80803;     1.27983;     0.17995;    0.108207;     55.9952;     noimage; 
    3.83019;     1.32493;     3.83638;     1.32579;    0.182292;     0.10767;       56.01;     noimage; 
     3.8565;     1.36745;     3.86147;     1.36676;    0.184322;    0.107326;     56.0929;     noimage; 
     3.8828;     1.40997;      3.8882;     1.41078;    0.186972;    0.107031;     56.2044;     noimage; 
    3.90911;     1.45249;      3.9148;      1.4546;    0.189791;    0.106848;     56.3529;     noimage; 
    3.93541;     1.49502;     3.94329;     1.50115;    0.191216;    0.106549;     56.3826;     noimage; 
    3.96171;     1.53754;     3.96606;     1.53806;    0.192595;    0.106389;      56.418;     noimage; 
    3.98802;     1.58006;      3.9935;     1.58238;    0.195399;    0.106283;     56.5011;     noimage; 
    4.01432;     1.62258;     4.01871;     1.62314;    0.196952;    0.106199;     56.5469;     noimage; 
    4.04062;      1.6651;     4.04436;     1.66436;     0.19924;    0.106214;     56.6494;     noimage; 
    4.06693;     1.70762;     4.07231;     1.70973;    0.201925;    0.106241;     56.7233;     noimage; 
    4.09323;     1.75015;     4.09683;     1.74972;    0.204289;     0.10635;      56.807;     noimage; 
    4.11954;     1.79267;     4.12444;     1.79444;    0.205046;    0.106442;     56.8104;     noimage; 
    4.14584;     1.83519;     4.15148;     1.83863;     0.20741;     0.10663;     56.8578;     noimage; 
    4.17214;     1.87771;     4.17736;     1.88102;    0.209425;    0.106888;     56.9303;     noimage; 
    4.19845;     1.92023;     4.20288;     1.92267;    0.211328;    0.107193;     56.9601;     noimage; 
    4.22475;     1.96276;     4.22934;     1.96534;    0.213177;    0.107523;     56.9723;     noimage; 
    4.25106;     2.00528;     4.25516;     2.00665;     0.21457;    0.107924;     57.0189;     noimage; 
    4.27736;      2.0478;     4.28252;     2.05086;    0.216579;    0.108446;     57.0829;     noimage; 
    4.30366;     2.09032;     4.30608;     2.08911;    0.218153;    0.108949;      57.129;     noimage; 
    4.32997;     2.13284;     4.33416;     2.13434;    0.219136;    0.109569;     57.0819;     noimage; 
    4.35627;     2.17537;     4.36119;     2.17779;    0.220448;     0.11023;     57.0621;     noimage; 
    4.38257;     2.21789;     4.38695;     2.21942;    0.221175;    0.110954;     57.0766;     noimage; 
    4.40888;     2.26041;     4.41368;     2.26259;    0.222595;    0.111712;     57.0466;     noimage; 
    4.43518;     2.30293;     4.44077;     2.30658;    0.224652;    0.112643;     57.1278;     noimage; 
    4.46149;     2.34545;     4.46584;     2.34785;    0.226535;    0.113529;     57.1751;     noimage; 
    4.48779;     2.38797;     4.49231;     2.39146;    0.228547;    0.114531;      57.216;     noimage; 
    4.51409;      2.4305;     4.48438;     2.38235;    0.118993;   0.0826314;     71.1283;     4.51409; 
     4.5404;     2.47302;     4.51163;     2.42627;    0.122288;   0.0826013;     68.2409;     noimage; 
     4.5667;     2.51554;     4.53675;     2.46731;    0.123221;   0.0827501;     65.8639;     noimage; 
    4.59301;     2.55806;     4.56268;     2.50949;    0.126593;   0.0822682;     64.9718;     noimage; 
    4.61931;     2.60058;     4.58987;     2.55337;    0.130175;    0.081749;     64.3307;     noimage; 
    4.64561;     2.64311;     4.61711;     2.59761;    0.132839;    0.081368;     63.5954;     noimage; 
    4.67192;     2.68563;     4.64192;       2.638;    0.135411;   0.0810111;     63.0557;     noimage; 
    4.69822;     2.72815;     4.66758;     2.67993;    0.137658;   0.0806863;     62.5582;     noimage; 
    4.72345;     2.77131;      4.6938;     2.72545;    0.140455;   0.0803127;     62.2039;     noimage; 
     4.7465;     2.81569;     4.71432;     2.76546;    0.143956;   0.0800966;     62.2725;     noimage; 
     4.7673;     2.86116;     4.73565;     2.81253;    0.151144;   0.0803002;     62.7558;     noimage; 
    4.78579;     2.90761;     4.75441;     2.86013;    0.158243;   0.0809764;     63.2289;     noimage; 
    4.80195;     2.95493;      4.7695;     2.90491;    0.166017;   0.0823401;     63.8577;     noimage; 
    4.81691;     3.00264;     4.78479;      2.9546;    0.173516;   0.0840162;     64.3403;     noimage; 
    4.83188;     3.05034;     4.79964;     3.00211;    0.180895;   0.0863725;     64.8911;     noimage; 
    4.84685;     3.09805;     4.81506;      3.0511;    0.189255;   0.0888694;     65.2806;     noimage; 
    4.86181;     3.14576;     4.82924;     3.09659;    0.192776;   0.0913272;     65.3371;     noimage; 
    4.87678;     3.19347;     4.84495;     3.14635;    0.199754;   0.0946382;     65.5929;     noimage; 
    4.89174;     3.24117;     4.86005;     3.19423;    0.206395;   0.0983544;     65.9115;     noimage; 
    4.90671;     3.28888;     4.87525;     3.24274;    0.212843;    0.102119;     66.0442;     noimage; 
    4.92168;     3.33659;     4.88931;     3.28794;    0.220315;    0.106373;     66.4247;     noimage; 
    4.93545;     3.38466;     4.90296;     3.33656;    0.228465;    0.111012;     66.7773;     noimage; 
    4.94679;     3.43335;     4.91457;     3.38802;    0.237301;    0.116661;     67.2834;     noimage; 
     4.9557;     3.48255;      4.9228;      3.4355;    0.244971;    0.122296;     67.7237;     noimage; 
    4.96213;     3.53214;     4.92891;     3.48436;    0.252486;    0.127929;     68.0644;     noimage; 
    4.96607;     3.58198;     4.93256;     3.53379;    0.260981;    0.135034;     68.6544;     noimage; 
    4.96752;     3.63196;     4.93383;     3.58337;    0.267694;    0.142268;     69.0688;     noimage; 
    4.96647;     3.68195;     4.93227;     3.63776;    0.275987;    0.150875;     69.5916;     noimage; 
    4.96292;     3.73182;     4.92792;      3.6882;    0.284921;    0.159802;     70.2385;     noimage; 
    4.95689;     3.78146;     4.92206;     3.73434;    0.293004;    0.168259;     70.8119;     noimage; 
    4.94838;     3.83073;     4.91311;     3.78613;    0.300491;    0.177989;     71.3146;     noimage; 
    4.93742;     3.87951;     4.90176;     3.83466;    0.308622;    0.187031;      71.832;     noimage; 
    4.92403;     3.92769;     4.88828;     3.88119;    0.314885;    0.196146;     72.1717;     noimage; 
    4.90825;     3.97513;     4.87237;     3.92783;    0.317725;    0.204533;     72.0108;     noimage; 
    4.89013;     4.02173;     4.85356;     3.97513;    0.324659;    0.213349;     72.2503;     noimage; 
    4.86969;     4.06736;     4.83325;      4.0192;    0.331122;    0.223575;     72.4835;     noimage; 
      4.847;     4.11192;     4.80996;     4.06347;    0.337298;    0.233476;     72.5868;     noimage; 
    4.82211;     4.15528;     4.78358;     4.10851;     0.34315;    0.245596;     72.5918;     noimage; 
    4.79615;     4.19801;     4.75634;     4.15244;    0.348775;    0.256237;     72.4555;     noimage; 
    4.77018;     4.24074;     4.73043;     4.19412;    0.355251;    0.267098;     72.4292;     noimage; 
    4.74422;     4.28347;      4.7053;     4.23464;    0.356635;    0.275318;     71.4634;     noimage; 
    4.71826;      4.3262;     4.67848;     4.27752;    0.357345;    0.283695;     70.1903;     noimage; 
    4.69229;     4.36893;     4.65048;     4.32226;    0.355952;    0.292303;     68.3511;     noimage; 
    4.66633;     4.41166;      4.6245;     4.36384;    0.355759;     0.29918;     66.7601;     noimage; 
    4.64036;     4.45439;     4.59972;     4.40349;    0.355534;    0.305801;     65.1448;     noimage; 
    4.64036;     4.45439;     4.59972;     4.40349;    0.355534;    0.305801;     65.1448;     noimage; 
