   trueRobX;    trueRobY;  trueRobPsi;       meanX;       meanY;        varX;        varY;     Observe; 
          0;           0;         inf;         inf;         inf;         inf;         inf;     noimage; 
          0;           0;         inf;         inf;         inf;         inf;         inf;     noimage; 
          0;           0;         inf;         inf;         inf;         inf;         inf;     noimage; 
          0;           0;         inf;         inf;         inf;         inf;         inf;     noimage; 
          0;           0;         inf;         inf;         inf;         inf;         inf;     noimage; 
          0;           0;         inf;         inf;         inf;         inf;         inf;     noimage; 
          0;           0;         inf;         inf;         inf;         inf;         inf;     noimage; 
          0;           0;         inf;         inf;         inf;         inf;         inf;     noimage; 
          0;           0;         inf;         inf;         inf;         inf;         inf;     noimage; 
          0;           0;         inf;         inf;         inf;         inf;         inf;     noimage; 
          0;           0;    -0.00208;       -0.87;     12.3789;     1.38922;     89.8572;           0; 
        0.1;           0;   0.0535192;   -0.502108;     10.5319;    0.711405;    -89.6222;         0.1; 
        0.2;           0;    0.253194;   -0.501728;     10.5452;    0.752959;    -89.6042;     noimage; 
        0.3;           0;    0.353021;   -0.501935;     10.5522;    0.763972;     -89.623;     noimage; 
        0.4;           0;    0.451707;   -0.501945;     10.5587;    0.772677;    -89.6045;     noimage; 
        0.5;           0;    0.551567;   -0.501918;      10.566;    0.783134;    -89.6129;     noimage; 
        0.6;           0;     0.65142;   -0.501928;     10.5732;    0.789534;    -89.6259;     noimage; 
   0.699875;  0.00499792;    0.750354;   -0.497046;       10.58;    0.796409;    -89.6023;     noimage; 
    0.79975;  0.00999583;    0.850081;    -0.49208;     10.5879;    0.808455;    -89.6332;     noimage; 
   0.899625;   0.0149938;    0.950185;   -0.487037;     10.5957;    0.821035;    -89.6474;     noimage; 
     0.9995;   0.0199917;     1.04971;   -0.482037;     10.6034;     0.83099;    -89.6536;     noimage; 
    1.09938;   0.0249896;     1.14968;   -0.477006;     10.6113;    0.841227;    -89.6552;     noimage; 
    1.19925;   0.0299875;      1.2494;   -0.472086;     10.6196;    0.848708;    -89.6615;     noimage; 
    1.29913;   0.0349854;     1.30552;  -0.0209161;     3.05105;    0.376329;    -89.6363;     1.29913; 
      1.399;   0.0399833;      1.5062; -0.00978316;     3.01302;    0.447984;    -89.6339;     noimage; 
    1.49888;   0.0449813;     1.60639; -0.00441228;     2.99538;    0.464033;    -89.7445;     noimage; 
    1.59875;   0.0499792;     1.70513; 0.000991717;     2.97715;    0.482373;    -89.6315;     noimage; 
    1.69863;   0.0549771;     1.80524;   0.0064347;     2.95917;    0.495938;    -89.6075;     noimage; 
     1.7985;    0.059975;     1.90494;   0.0118226;     2.94212;    0.508636;    -89.6778;     noimage; 
    1.89838;   0.0649729;     2.00514;    0.017246;     2.92546;    0.523304;    -89.7748;     noimage; 
    1.99825;   0.0699708;     2.10472;   0.0226521;      2.9085;    0.535978;    -89.7636;     noimage; 
    2.09813;   0.0749688;     2.20407;   0.0280704;     2.89217;    0.552732;     -89.764;     noimage; 
      2.198;   0.0799667;     2.30331;   0.0334387;     2.87584;    0.566694;    -89.7823;     noimage; 
     2.2975;     0.08995;     2.40211;   0.0437696;      2.8604;    0.581447;      -89.82;     noimage; 
    2.39638;    0.104894;     2.50122;   0.0591575;     2.84522;    0.591137;    -89.8604;     noimage; 
    2.49438;    0.124761;     2.49396;   0.0348062;     2.64623;    0.383839;    -88.5311;     2.49438; 
    2.59128;    0.149501;     2.68668;   0.0797443;     2.63311;    0.439147;    -89.0912;     noimage; 
    2.68681;    0.179053;     2.78203;    0.111922;     2.62488;    0.448915;    -89.2117;     noimage; 
    2.78075;    0.213343;     2.87453;    0.148716;     2.61728;    0.459791;      -89.36;     noimage; 
    2.87468;    0.247633;     2.96746;    0.185731;     2.61094;    0.469995;    -89.5376;     noimage; 
    2.96862;    0.281923;     3.06001;    0.222579;     2.60441;    0.484559;    -89.6979;     noimage; 
    3.06256;    0.316212;     3.15296;    0.259531;     2.59752;    0.493301;    -89.8256;     noimage; 
    3.15466;    0.355154;     3.24344;    0.300978;     2.59254;    0.502014;      89.991;     noimage; 
    3.24471;    0.398651;     3.33294;    0.347428;     2.58693;    0.509176;     89.8701;     noimage; 
    3.33247;    0.446593;     3.41885;    0.397584;     2.58347;    0.518866;     89.6837;     noimage; 
    3.41772;    0.498862;     3.50232;    0.452107;     2.58199;     0.52829;     89.4327;     noimage; 
    3.50025;    0.555326;     3.58299;    0.510768;     2.57984;    0.533832;     89.2447;     noimage; 
    3.57986;    0.615845;      3.6609;     0.57359;     2.57793;    0.539806;     89.0738;     noimage; 
    3.65635;    0.680267;     3.64695;    0.669766;      1.3326;    0.506137;    -86.0217;     3.65635; 
    3.72952;     0.74843;     3.79136;    0.803913;     1.34491;    0.522121;    -87.5771;     noimage; 
    3.79919;    0.820166;     3.85898;    0.878694;     1.34979;    0.516849;    -88.0828;     noimage; 
    3.86518;    0.895294;     3.92143;    0.956605;     1.35065;    0.513311;    -88.4224;     noimage; 
    3.92735;    0.973627;     3.98009;     1.03776;     1.35261;    0.509527;     -88.781;     noimage; 
    3.98551;     1.05497;     4.03439;      1.1214;     1.35877;    0.503846;    -89.2111;     noimage; 
    4.03954;     1.13912;     4.08418;     1.20715;      1.3651;     0.49632;    -89.5268;     noimage; 
     4.0893;     1.22586;     4.12994;     1.29595;     1.36993;    0.494358;    -89.9263;     noimage; 
    4.13466;     1.31498;     4.17107;     1.38671;     1.37376;    0.490934;     89.8103;     noimage; 
    4.17551;     1.40625;      4.2077;     1.47944;     1.38042;    0.485806;     89.5963;     noimage; 
    4.21174;     1.49946;     4.23962;     1.57383;      1.3861;    0.481436;     89.4803;     noimage; 
    4.24328;     1.59436;     4.26701;     1.67055;     1.39208;    0.477507;     89.4084;     noimage; 
    4.27003;     1.69071;     4.21767;     1.54274;    0.737449;    0.457468;     88.5643;     4.27003; 
    4.29193;     1.78829;     4.26122;     1.73857;    0.779729;    0.443344;     85.8576;     noimage; 
    4.30892;     1.88683;     4.27546;     1.83826;    0.789006;    0.436668;     85.5585;     noimage; 
    4.32097;      1.9861;     4.28303;     1.93793;    0.796121;    0.430965;       85.36;     noimage; 
    4.32805;     2.08585;     4.28563;      2.0378;    0.802185;    0.426493;      85.011;     noimage; 
    4.33013;     2.18583;     4.28317;     2.13774;    0.808745;    0.423355;     84.9304;     noimage; 
    4.32721;     2.28579;     4.27568;     2.23787;    0.823503;    0.421689;     84.9554;     noimage; 
     4.3193;     2.38547;     4.26327;     2.33733;    0.833722;     0.42283;     85.1962;     noimage; 
     4.3193;     2.38547;     4.26327;     2.33737;    0.833723;    0.422829;      85.196;     noimage; 
     4.3193;     2.38547;     4.26327;     2.33737;    0.833723;    0.422829;      85.196;     noimage; 
     4.3193;     2.38547;     4.26327;     2.33737;    0.833723;    0.422829;      85.196;     noimage; 
     4.3193;     2.38547;     4.26327;     2.33737;    0.833723;    0.422829;      85.196;     noimage; 
     4.3193;     2.38547;     4.26327;     2.33737;    0.833723;    0.422829;      85.196;     noimage; 
     4.3193;     2.38547;     4.26338;     2.35752;     0.43925;    0.373485;     74.1287;      4.3193; 
    4.27768;      2.4764;     4.22089;     2.44835;    0.462148;     0.37782;     82.7447;     noimage; 
    4.23157;     2.56514;     4.17286;      2.5362;      0.4742;    0.378651;      89.615;     noimage; 
    4.18109;     2.65146;     4.11896;     2.62025;    0.478869;    0.377199;    -85.4448;     noimage; 
    4.12635;     2.73515;     4.06104;     2.70142;    0.478768;    0.376599;    -80.5762;     noimage; 
     4.0675;       2.816;      3.9995;     2.77908;    0.477497;    0.374447;    -76.9791;     noimage; 
    4.00469;     2.89381;     3.93344;     2.85433;    0.472522;    0.374689;    -73.3299;     noimage; 
    3.93806;     2.96838;     3.86407;     2.92578;    0.467338;    0.374762;    -70.6403;     noimage; 
    3.86779;     3.03953;     3.79111;     2.99382;    0.461072;    0.376693;    -67.8856;     noimage; 
    3.79405;     3.10707;      3.7151;     3.05791;    0.456301;     0.37857;    -65.4695;     noimage; 
    3.71702;     3.17085;     3.63546;      3.1186;    0.452526;    0.381463;    -63.7927;     noimage; 
    3.63691;      3.2307;     3.55265;      3.1754;    0.448876;    0.386822;    -61.9895;     noimage; 
     3.5568;     3.29054;     3.47039;     3.23183;    0.445504;    0.393524;    -59.7816;     noimage; 
    3.47668;     3.35039;      3.4556;     3.31645;    0.281991;    0.281915;     -45.786;     3.47668; 
    3.39657;     3.41024;     3.29359;     3.43611;    0.283291;    0.280991;    -41.8134;     noimage; 
    3.31645;     3.47008;     3.21491;     3.49768;    0.283785;    0.280622;    -41.5243;     noimage; 
    3.23634;     3.52993;     3.13462;     3.55809;     0.28378;    0.280201;    -41.5009;     noimage; 
    3.15622;     3.58978;     3.05483;     3.61814;      0.2856;    0.280434;    -41.0071;     noimage; 
    3.07611;     3.64963;     2.97423;     3.67879;    0.285634;    0.280569;    -41.1976;     noimage; 
      2.996;     3.70947;     2.89422;     3.73898;    0.286493;    0.281184;     -41.255;     noimage; 
    2.91588;     3.76932;     2.81443;     3.79901;    0.287837;    0.282281;    -41.3049;     noimage; 
    2.83577;     3.82917;     2.73408;     3.85946;    0.290832;     0.28402;    -41.0246;     noimage; 
    2.75565;     3.88901;     2.65427;     3.91949;    0.293514;    0.286192;    -40.9637;     noimage; 
    2.67554;     3.94886;     2.64733;     3.93516;    0.201391;    0.195892;    -39.7163;     2.67554; 
    2.59542;     4.00871;     2.48716;     4.05367;    0.203854;    0.188059;    -38.4307;     noimage; 
    2.51531;     4.06856;     2.40779;     4.11595;    0.205304;    0.184652;    -37.8889;     noimage; 
    2.43519;      4.1284;     2.32749;     4.17656;    0.206632;     0.18089;    -37.5684;     noimage; 
    2.35508;     4.18825;     2.24814;     4.23644;    0.207115;    0.177193;    -37.3832;     noimage; 
    2.27497;      4.2481;     2.16816;     4.29681;    0.208566;    0.173537;    -37.1664;     noimage; 
    2.19485;     4.30794;     2.08829;     4.35711;    0.211812;    0.170018;     -36.884;     noimage; 
    2.11185;     4.36371;     2.00587;     4.41308;    0.216555;    0.167201;    -36.5216;     noimage; 
    2.02616;     4.41526;     1.92045;     4.46504;    0.222162;    0.165179;    -36.0587;     noimage; 
    1.94047;     4.46681;     1.83506;     4.51697;    0.230214;    0.163609;    -35.6168;     noimage; 
    1.85478;     4.51836;     1.74982;     4.56881;    0.233783;    0.162175;    -35.4258;     noimage; 
    1.76909;     4.56991;     1.66447;     4.62073;    0.239227;    0.161308;    -35.2345;     noimage; 
     1.6834;     4.62146;     1.65617;     4.60521;     0.27843;    0.236424;    -34.8059;      1.6834; 
    1.59524;     4.66867;     1.48349;     4.70583;    0.316065;    0.254055;    -33.4575;     noimage; 
    1.50484;     4.71141;     1.39345;     4.75004;    0.328807;    0.264816;    -33.0719;     noimage; 
    1.41241;     4.74957;     1.30135;     4.78755;    0.348652;    0.277241;    -32.2038;     noimage; 
    1.31998;     4.78774;      1.2088;     4.82526;     0.36014;    0.288783;    -32.0052;     noimage; 
    1.22755;      4.8259;     1.11619;     4.86298;     0.37753;    0.301575;    -31.4887;     noimage; 
    1.13512;     4.86407;     1.02368;     4.90066;    0.389105;     0.31446;     -31.326;     noimage; 
    1.04269;     4.90224;    0.931171;     4.93836;    0.403878;    0.328157;     -30.989;     noimage; 
   0.950255;      4.9404;    0.838444;     4.97613;    0.418815;    0.342156;    -30.7215;     noimage; 
   0.857825;     4.97857;    0.745845;     5.01385;     0.43729;    0.357366;    -30.1363;     noimage; 
   0.765395;     5.01673;    0.653585;     5.05145;    0.451586;    0.372167;    -29.8985;     noimage; 
   0.672964;      5.0549;    0.560028;     5.08955;    0.470954;    0.387764;    -29.3832;     noimage; 
   0.580534;     5.09307;    0.562078;     5.10322;    0.298778;    0.186872;     -19.872;    0.580534; 
   0.488104;     5.13123;    0.375889;     5.17751;    0.345099;    0.187711;      -20.89;     noimage; 
   0.393882;     5.16473;     0.28195;     5.21282;    0.358061;    0.189665;    -20.6039;     noimage; 
   0.298103;     5.19348;    0.185175;     5.24167;    0.374954;    0.192158;    -20.0956;     noimage; 
   0.201007;      5.2174;     0.08812;      5.2654;    0.389311;    0.195168;    -19.6928;     noimage; 
   0.103911;     5.24133; -0.00912863;     5.28917;    0.410095;    0.198905;    -19.1941;     noimage; 
 0.00681557;     5.26525;   -0.106026;     5.31285;    0.424507;    0.203263;    -18.8946;     noimage; 
 -0.0902802;     5.28918;    -0.20371;     5.33674;     0.43417;    0.207937;    -18.7498;     noimage; 
  -0.187376;      5.3131;   -0.299732;      5.3602;    0.448483;    0.213636;    -18.3562;     noimage; 
  -0.284472;     5.33703;   -0.397257;     5.38403;    0.462253;      0.2195;    -18.1709;     noimage; 
  -0.382642;     5.35607;    -0.49513;     5.40283;    0.476958;    0.226033;    -17.8487;     noimage; 
  -0.481641;     5.37018;   -0.594315;     5.41677;     0.49127;    0.233766;    -17.4234;     noimage; 
  -0.581222;     5.37933;   -0.595668;     5.41439;    0.267568;    0.143418;    -20.7159;   -0.581222; 
  -0.680803;     5.38848;   -0.793537;     5.42917;    0.368497;    0.146665;    -13.9341;     noimage; 
  -0.780384;     5.39762;   -0.893465;     5.43983;    0.388007;    0.145197;    -13.0381;     noimage; 
  -0.879965;     5.40677;   -0.993358;     5.44834;     0.40869;    0.143601;     -12.048;     noimage; 
  -0.979546;     5.41591;    -1.09305;     5.45683;    0.425499;    0.141615;    -11.3394;     noimage; 
   -1.07913;     5.42506;    -1.19232;     5.46528;    0.439974;    0.139513;    -10.7541;     noimage; 
   -1.17871;     5.43421;    -1.29177;     5.47375;    0.453224;    0.137314;    -10.2447;     noimage; 
   -1.27829;     5.44335;    -1.39131;     5.48223;    0.466407;    0.134883;    -9.87407;     noimage; 
   -1.37787;      5.4525;    -1.49025;     5.49065;    0.482952;     0.13238;    -9.55672;     noimage; 
   -1.47745;     5.46165;     -1.5897;     5.49912;    0.496525;     0.13026;    -9.15874;     noimage; 
   -1.57703;     5.47079;    -1.68975;     5.50764;    0.508583;     0.12867;    -8.78125;     noimage; 
   -1.67694;     5.47495;    -1.78996;     5.51115;      0.5255;     0.12798;    -8.28202;     noimage; 
   -1.77694;     5.47411;    -1.78953;     5.51111;    0.525513;    0.127996;    -8.27547;    -1.77694; 
   -1.87694;     5.47327;    -1.99101;      5.5059;    0.580925;    0.130323;     -6.6573;     noimage; 
   -1.97693;     5.47243;    -2.09217;      5.5066;    0.595174;    0.131883;    -6.33168;     noimage; 
   -2.07693;     5.47159;     -2.1926;     5.50509;    0.611104;    0.133582;    -5.95026;     noimage; 
   -2.17693;     5.47075;     -2.2926;     5.50359;    0.619388;     0.13586;    -5.67823;     noimage; 
   -2.27692;     5.46991;    -2.39304;     5.50209;    0.632589;    0.139201;    -5.26376;     noimage; 
   -2.37692;     5.46907;    -2.49272;     5.50059;    0.641138;    0.142303;    -5.04493;     noimage; 
   -2.47692;     5.46823;    -2.59299;     5.49909;    0.654471;    0.145726;    -4.81516;     noimage; 
   -2.57691;     5.46739;    -2.69327;     5.49758;    0.668177;     0.14978;    -4.57224;     noimage; 
   -2.67691;     5.46654;    -2.79363;     5.49608;    0.681652;    0.154591;    -4.27215;     noimage; 
   -2.77691;      5.4657;    -2.89339;     5.49459;    0.691774;    0.158847;    -4.18905;     noimage; 
    -2.8769;     5.46486;    -2.99341;     5.49309;    0.702546;    0.163976;    -3.99839;     noimage; 
   -2.97673;     5.45903;    -3.09305;     5.48668;    0.710971;    0.169704;    -3.81011;     noimage; 
   -3.07614;     5.44821;    -3.09257;     5.48669;    0.710958;    0.169722;    -3.80594;    -3.07614; 
   -3.17489;     5.43243;    -3.29112;     5.46176;    0.746109;    0.185997;    -2.95706;     noimage; 
   -3.27273;     5.41174;    -3.38987;     5.44279;    0.753639;    0.196245;    -2.70543;     noimage; 
   -3.36941;     5.38619;    -3.48569;     5.41688;    0.764377;    0.208315;    -2.29631;     noimage; 
   -3.46469;     5.35583;    -3.58064;     5.38601;    0.772903;    0.222629;    -1.88022;     noimage; 
   -3.55997;     5.32548;     -3.6765;     5.35485;    0.782907;    0.236488;    -1.52497;     noimage; 
   -3.65525;     5.29512;    -3.77183;     5.32387;    0.786068;     0.25195;     -1.2682;     noimage; 
   -3.75054;     5.26477;    -3.86733;     5.29281;    0.793985;    0.268323;   -0.858545;     noimage; 
   -3.84582;     5.23442;    -3.96245;     5.26188;    0.800926;    0.284704;   -0.498177;     noimage; 
    -3.9411;     5.20406;      -4.058;     5.23083;    0.809323;    0.299687;   -0.261622;     noimage; 
   -4.03638;     5.17371;    -4.15341;     5.19985;    0.814884;    0.313943;   -0.207741;     noimage; 
   -4.13166;     5.14335;    -4.24809;     5.16911;    0.821363;    0.329525;  -0.0142067;     noimage; 
   -4.22531;     5.10828;    -4.34127;     5.13366;     0.83175;    0.345319;    0.244105;     noimage; 
   -4.31708;     5.06856;    -4.43288;     5.09346;    0.835062;    0.361883;    0.274853;     noimage; 
   -4.40676;     5.02431;    -4.43238;      5.0936;     0.83503;    0.361912;    0.277989;    -4.40676; 
   -4.49411;     4.97563;    -4.60979;     5.00213;    0.865152;    0.399513;     1.47621;     noimage; 
   -4.58146;     4.92695;    -4.69896;     4.95485;    0.871535;    0.417717;     1.53452;     noimage; 
   -4.66882;     4.87827;    -4.78613;     4.90567;    0.881549;    0.435723;     1.75056;     noimage; 
   -4.75617;     4.82959;    -4.87215;      4.8571;    0.887559;    0.456034;      1.9262;     noimage; 
   -4.84352;     4.78092;    -4.95904;     4.80807;    0.892667;    0.474058;     1.79386;     noimage; 
   -4.93087;     4.73224;    -5.04601;       4.759;    0.900131;    0.493672;     1.86228;     noimage; 
   -5.01822;     4.68356;    -5.13243;     4.71018;    0.907972;    0.514461;     2.07539;     noimage; 
   -5.10303;     4.63057;    -5.21712;     4.65664;    0.917289;    0.532664;     2.05807;     noimage; 
   -5.18509;     4.57342;    -5.29838;     4.59936;    0.922887;    0.551142;     1.75642;     noimage; 
   -5.26419;     4.51223;    -5.37719;     4.53766;    0.929872;    0.569701;     1.41849;     noimage; 
   -5.34013;     4.44717;    -5.45255;     4.47236;    0.937486;    0.589205;     1.10887;     noimage; 
   -5.41272;     4.37839;    -5.52461;     4.40321;    0.947255;    0.609506;    0.944226;     noimage; 
   -5.48179;     4.30607;    -5.59322;     4.33052;    0.953377;     0.62527;  -0.0563647;     noimage; 
   -5.54715;     4.23039;    -5.59278;      4.3308;    0.953345;      0.6253;  -0.0552609;    -5.54715; 
   -5.60865;     4.15154;    -5.72029;     4.17737;    0.972566;    0.678314;   -0.115879;     noimage; 
   -5.66613;     4.06971;    -5.77937;     4.09731;     0.98333;    0.694889;   -0.839336;     noimage; 
   -5.71945;     3.98512;    -5.83223;      4.0126;    0.991487;      0.7098;    -2.19367;     noimage; 
   -5.76848;     3.89796;    -5.88062;     3.92547;    0.998646;    0.727954;    -3.61587;     noimage; 
   -5.81309;     3.80846;    -5.92473;      3.8359;     1.00367;    0.742849;     -5.4995;     noimage; 
   -5.85317;     3.71684;    -5.96447;     3.74384;     1.01253;    0.756047;    -6.75366;     noimage; 
   -5.88862;     3.62334;    -5.99962;      3.6497;     1.02108;    0.770395;     -8.0671;     noimage; 
   -5.91935;     3.52818;    -6.02981;     3.55463;     1.02613;    0.782768;    -9.89922;     noimage; 
   -5.94529;      3.4316;    -6.05535;     3.45766;     1.02987;    0.792762;    -11.8188;     noimage; 
   -5.97123;     3.33502;    -6.08075;     3.36124;     1.03741;    0.802575;    -13.0518;     noimage; 
   -5.99231;     3.23727;    -6.10145;     3.26325;     1.04571;    0.809499;    -14.0947;     noimage; 
   -6.00848;     3.13859;    -6.11712;     3.16473;     1.05108;    0.817478;    -15.4826;     noimage; 
   -6.01969;     3.03922;    -6.12791;     3.06503;     1.05848;    0.824887;    -16.5946;     noimage; 
   -6.02593;     2.93941;     -6.1277;      3.0655;     1.05844;    0.824904;    -16.5989;    -6.02593; 
   -6.02717;     2.83942;    -6.13703;     2.86447;     1.07672;    0.849333;    -18.4626;     noimage; 
   -6.02341;     2.73949;    -6.13533;     2.76677;     1.09265;     0.85004;    -18.3642;     noimage; 
   -6.01466;     2.63987;    -6.12605;     2.66678;     1.10575;    0.848567;     -18.686;     noimage; 
   -6.00094;     2.54082;    -6.11188;     2.56806;     1.12329;      0.8499;    -18.5856;     noimage; 
   -5.98722;     2.44176;    -6.09775;     2.46975;     1.14367;    0.852679;    -18.3156;     noimage; 
    -5.9735;     2.34271;    -6.08368;     2.37156;     1.16367;    0.856645;    -18.1787;     noimage; 
   -5.95978;     2.24365;    -6.06942;     2.27243;     1.18419;    0.860081;    -18.0786;     noimage; 
   -5.94607;      2.1446;    -6.05531;      2.1736;     1.20775;    0.862258;    -17.7519;     noimage; 
   -5.92742;     2.04635;    -6.03616;     2.07547;      1.2319;    0.864501;    -17.4546;     noimage; 
   -5.90388;     1.94916;    -6.01211;     1.97812;     1.25965;     0.86679;    -16.8219;     noimage; 
   -5.87551;     1.85327;    -5.98323;     1.88222;     1.28697;    0.868884;    -16.3953;     noimage; 
   -5.84239;     1.75892;    -5.94981;     1.78855;      1.3167;    0.870293;    -15.7965;     noimage; 
   -5.80459;     1.66634;     -5.9115;     1.69587;      1.3479;     0.87321;    -15.1213;     noimage; 
   -5.76221;     1.57576;    -5.87033;     1.60171;    0.937147;    0.731871;    -16.4904;    -5.76221; 
   -5.71984;     1.48518;    -5.78278;     1.41906;    0.923038;    0.742248;    -20.1134;     noimage; 
   -5.67746;     1.39461;    -5.74264;     1.32905;    0.921891;    0.738917;    -20.6427;     noimage; 
   -5.63508;     1.30403;    -5.70037;     1.23892;     0.91885;    0.739523;     -21.482;     noimage; 
    -5.5927;     1.21345;    -5.65796;     1.14844;    0.918486;    0.735613;    -21.8996;     noimage; 
   -5.55032;     1.12288;    -5.61539;     1.05766;    0.917155;    0.734611;    -22.4822;     noimage; 
   -5.50795;      1.0323;    -5.57311;    0.967464;    0.917451;    0.732144;    -22.8344;     noimage; 
   -5.46557;    0.941722;    -5.53045;    0.876471;    0.917532;    0.732546;    -23.2439;     noimage; 
   -5.42319;    0.851145;    -5.48803;    0.785948;    0.917476;    0.732603;    -23.7112;     noimage; 
   -5.38081;    0.760568;    -5.44531;    0.694892;    0.919027;    0.731075;    -24.0071;     noimage; 
   -5.33396;    0.672223;    -5.39844;    0.606725;    0.921055;     0.72928;    -24.2533;     noimage; 
   -5.28711;    0.583878;    -5.35149;    0.518428;    0.924345;     0.72837;    -24.3475;     noimage; 
   -5.24026;    0.495532;    -5.30517;    0.476357;    0.795059;    0.627805;    -11.8792;    -5.24026; 
   -5.19341;    0.407187;    -5.20884;    0.300555;    0.773746;    0.637085;    -19.0572;     noimage; 
   -5.14656;    0.318841;    -5.16362;    0.212516;    0.765494;    0.637424;    -20.7646;     noimage; 
    -5.0997;    0.230496;     -5.1164;    0.124545;    0.755381;    0.637529;    -22.8208;     noimage; 
   -5.05285;     0.14215;    -5.06865;   0.0355516;    0.746975;    0.637797;     -24.284;     noimage; 
     -5.006;   0.0538048;     -5.0214;  -0.0525201;    0.739058;    0.637058;     -25.611;     noimage; 
   -4.95479;  -0.0320887;     -4.9696;   -0.138584;     0.73353;    0.633282;    -26.4237;     noimage; 
   -4.89935;   -0.115315;    -4.91416;   -0.221083;    0.727689;    0.629328;    -27.4526;     noimage; 
   -4.83983;   -0.195667;    -4.85411;   -0.301404;    0.721417;    0.626774;    -28.4216;     noimage; 
   -4.77636;   -0.272944;    -4.79062;   -0.378044;    0.716252;    0.624422;    -29.1319;     noimage; 
   -4.70911;   -0.346952;    -4.72302;   -0.451795;    0.715986;    0.619502;    -29.1482;     noimage; 
   -4.63824;   -0.417506;    -4.65178;   -0.522095;    0.714269;    0.616146;     -29.318;     noimage; 
   -4.56393;    -0.48443;     -4.6057;   -0.542247;    0.538459;     0.50321;     64.3939;    -4.56393; 
   -4.48963;   -0.551354;    -4.45353;   -0.675171;    0.582661;    0.542849;     85.5344;     noimage; 
   -4.41207;    -0.61448;    -4.37767;   -0.737472;    0.581726;    0.546719;    -80.6978;     noimage; 
   -4.33452;   -0.677607;    -4.29982;   -0.799678;    0.572478;    0.545043;    -70.5156;     noimage; 
   -4.25696;   -0.740734;    -4.22159;   -0.862195;    0.559569;    0.542796;    -61.6057;     noimage; 
    -4.1794;    -0.80386;     -4.1434;   -0.924675;     0.54942;    0.538118;    -56.7878;     noimage; 
   -4.10185;   -0.866987;    -4.06485;   -0.987449;    0.539512;    0.533749;    -52.4177;     noimage; 
   -4.02429;   -0.930114;    -3.98736;    -1.04938;    0.531234;    0.528793;    -49.2457;     noimage; 
   -3.94673;    -0.99324;    -3.90915;    -1.11186;     0.52457;    0.522628;    -48.4539;     noimage; 
   -3.86918;    -1.05637;    -3.89195;    -1.11395;    0.485122;    0.431184;    -78.4435;    -3.86918; 
   -3.79162;    -1.11949;    -3.73451;    -1.23848;    0.452663;    0.437166;    -57.3249;     noimage; 
   -3.71406;    -1.18262;    -3.65783;    -1.30164;    0.443363;    0.433047;    -54.0855;     noimage; 
   -3.63651;    -1.24575;    -3.58013;    -1.36392;    0.434904;    0.428353;    -51.4562;     noimage; 
   -3.55895;    -1.30887;    -3.50203;    -1.42652;    0.427943;    0.422946;     -50.283;     noimage; 
   -3.48139;      -1.372;    -3.42367;    -1.48933;     0.42067;    0.417698;    -48.7478;     noimage; 
   -3.40384;    -1.43513;    -3.34596;    -1.55163;    0.414002;    0.412694;      -47.31;     noimage; 
   -3.32628;    -1.49825;    -3.26817;    -1.61398;    0.407871;    0.407208;    -46.5513;     noimage; 
   -3.24872;    -1.56138;    -3.18983;    -1.67678;     0.40195;    0.401734;    -45.8401;     noimage; 
   -3.17117;    -1.62451;    -3.11177;    -1.73933;    0.395967;     0.39587;    -45.5325;     noimage; 
   -3.09055;    -1.68368;    -3.13072;    -1.72532;    0.404889;    0.399991;    -41.6136;    -3.09055; 
   -3.00708;    -1.73875;    -2.96655;    -1.84198;    0.398421;    0.388792;    -40.7888;     noimage; 
   -2.92361;    -1.79382;     -2.8843;    -1.89666;    0.394937;     0.38369;    -40.5701;     noimage; 
   -2.84014;    -1.84888;    -2.79997;    -1.95117;    0.390165;    0.378275;    -40.5575;     noimage; 
   -2.75667;    -1.90395;    -2.71579;    -2.00559;    0.385983;    0.373141;    -40.5059;     noimage; 
    -2.6732;    -1.95902;    -2.63167;    -2.05998;    0.384058;    0.368656;     -40.231;     noimage; 
   -2.58972;    -2.01409;    -2.54723;    -2.11457;    0.382548;    0.364623;    -39.9651;     noimage; 
   -2.50625;    -2.06916;    -2.46312;    -2.16894;    0.380444;    0.360555;    -39.8173;     noimage; 
   -2.42278;    -2.12423;     -2.3792;     -2.2232;    0.379127;    0.356877;    -39.6338;     noimage; 
   -2.33931;     -2.1793;    -2.29486;    -2.27773;    0.377958;     0.35333;    -39.4832;     noimage; 
   -2.25584;    -2.23436;    -2.21052;    -2.33226;    0.376215;     0.34979;    -39.4212;     noimage; 
   -2.17237;    -2.28943;    -2.18763;    -2.34495;    0.331988;     0.33157;    -46.5214;    -2.17237; 
    -2.0889;     -2.3445;    -2.01986;    -2.45219;    0.327323;    0.324427;    -41.7894;     noimage; 
   -2.00543;    -2.39957;    -1.93679;    -2.50754;     0.32686;    0.320343;    -40.5449;     noimage; 
   -1.92195;    -2.45464;    -1.85299;    -2.56187;    0.327118;    0.316427;    -39.4764;     noimage; 
   -1.83848;    -2.50971;    -1.76919;    -2.61618;    0.326363;    0.311914;    -38.8842;     noimage; 
   -1.75501;    -2.56478;    -1.68514;    -2.67066;    0.323679;    0.306946;    -38.6949;     noimage; 
   -1.67154;    -2.61984;    -1.60164;    -2.72479;    0.325147;    0.302645;     -38.025;     noimage; 
   -1.58807;    -2.67491;    -1.51799;    -2.77901;    0.323363;    0.297826;    -37.8315;     noimage; 
    -1.5046;    -2.72998;    -1.43456;    -2.83308;    0.323168;    0.293346;    -37.4687;     noimage; 
   -1.42113;    -2.78505;     -1.3503;    -2.88773;    0.322189;     0.28862;    -37.2189;     noimage; 
   -1.33501;    -2.83588;    -1.26422;    -2.93762;    0.323179;    0.284117;    -36.8864;     noimage; 
   -1.24646;    -2.88234;    -1.28819;    -2.92109;    0.302436;    0.297203;     -40.848;    -1.24646; 
   -1.15569;    -2.92431;    -1.10586;    -3.00711;    0.316078;    0.293778;     -37.561;     noimage; 
   -1.06493;    -2.96629;    -1.01406;    -3.04699;    0.322604;    0.293905;    -36.7484;     noimage; 
  -0.974165;    -3.00827;    -0.92224;    -3.08548;    0.326387;    0.293468;    -36.4222;     noimage; 
  -0.883402;    -3.05024;   -0.829412;    -3.12441;    0.333304;    0.294482;    -35.9447;     noimage; 
  -0.792639;    -3.09222;   -0.737024;    -3.16315;    0.336718;    0.295995;    -35.8748;     noimage; 
  -0.701875;     -3.1342;   -0.644848;    -3.20179;    0.342006;     0.29845;    -35.7538;     noimage; 
  -0.611112;    -3.17617;    -0.55242;    -3.24055;    0.345756;      0.3019;    -35.8082;     noimage; 
  -0.520349;    -3.21815;   -0.459772;    -3.27939;     0.35128;    0.305811;    -35.8162;     noimage; 
  -0.429585;    -3.26013;   -0.367777;    -3.31795;    0.358136;    0.311842;    -35.7199;     noimage; 
  -0.338822;     -3.3021;   -0.275195;    -3.35677;    0.367751;    0.318674;      -35.52;     noimage; 
  -0.248059;    -3.34408;   -0.264564;    -3.39733;    0.236311;    0.231145;     -40.399;   -0.248059; 
  -0.157295;    -3.38605;  -0.0816077;    -3.47829;    0.275312;    0.230599;    -33.6153;     noimage; 
 -0.0645475;    -3.42344;   0.0116017;    -3.51613;    0.286927;    0.229409;    -32.3883;     noimage; 
   0.029953;    -3.45615;     0.10738;    -3.54819;    0.302447;    0.229717;    -30.8884;     noimage; 
    0.12597;    -3.48409;     0.20393;    -3.57523;    0.320125;    0.230437;    -29.4676;     noimage; 
   0.223264;     -3.5072;    0.301348;    -3.59731;    0.346087;    0.233662;     -27.627;     noimage; 
    0.32159;    -3.52541;     0.39965;    -3.61451;    0.362888;    0.236409;    -26.5378;     noimage; 
   0.420705;    -3.53869;    0.499569;    -3.62686;    0.383582;     0.24015;    -25.3411;     noimage; 
   0.520359;      -3.547;    0.598446;    -3.63411;    0.404802;    0.245658;    -24.1535;     noimage; 
   0.620304;    -3.55032;    0.698703;    -3.63642;    0.423997;    0.252439;    -23.0966;     noimage; 
    0.72029;    -3.54864;    0.799577;     -3.6337;    0.449743;    0.262318;    -21.6521;     noimage; 
   0.820067;    -3.54196;    0.898679;    -3.62604;    0.474908;    0.274416;    -20.2326;     noimage; 
   0.919385;    -3.53031;    0.906827;    -3.59528;     0.29541;    0.221498;    -27.6284;    0.919385; 
      1.018;     -3.5137;     1.10266;    -3.55936;    0.412504;    0.252334;    -14.4804;     noimage; 
    1.11566;    -3.49219;     1.19918;    -3.53366;    0.439666;    0.256704;    -11.3105;     noimage; 
    1.11566;    -3.49219;     1.19922;    -3.53365;    0.439665;    0.256701;     -11.311;     noimage; 
    1.11566;    -3.49219;     1.19922;    -3.53365;    0.439665;    0.256701;     -11.311;     noimage; 
    1.11566;    -3.49219;     1.19922;    -3.53365;    0.439665;    0.256701;     -11.311;     noimage; 
    1.11566;    -3.49219;     1.19922;    -3.53365;    0.439665;    0.256701;     -11.311;     noimage; 
    1.11566;    -3.49219;     1.19922;    -3.53365;    0.439665;    0.256701;     -11.311;     noimage; 
     1.2026;    -3.44278;      1.2824;    -3.47969;    0.455529;    0.266877;    -8.58491;     noimage; 
    1.28696;    -3.38908;     1.36304;    -3.42149;    0.469928;    0.283074;    -5.33499;     noimage; 
    1.36853;    -3.33124;     1.44114;    -3.35894;    0.480919;    0.296963;    -2.37373;     noimage; 
    1.44711;    -3.26939;     1.51579;    -3.29273;    0.488632;    0.310011;    0.141745;     noimage; 
     1.5225;    -3.20369;     1.58746;    -3.22243;    0.497396;     0.32355;     3.12453;     noimage; 
    1.59789;    -3.13799;     1.63286;    -3.22461;    0.345564;     0.26532;    -20.0779;     1.59789; 
    1.67328;     -3.0723;     1.78003;    -3.09014;    0.412925;    0.318458;     4.54044;     noimage; 
    1.74867;     -3.0066;     1.85505;    -3.02441;    0.411237;    0.320919;     10.2022;     noimage; 
    1.82068;    -2.93721;     1.92634;    -2.95337;    0.404611;    0.322724;     15.3683;     noimage; 
    1.88914;    -2.86432;     1.99353;    -2.87934;     0.39455;    0.324896;     21.2722;     noimage; 
    1.95759;    -2.79142;     2.06102;    -2.80502;    0.384846;    0.324965;     24.7063;     noimage; 
    2.02605;    -2.71852;     2.12845;    -2.73073;    0.376887;     0.32379;     27.4662;     noimage; 
     2.0945;    -2.64562;     2.19585;    -2.65648;    0.370379;    0.321926;      29.608;     noimage; 
    2.16296;    -2.57273;     2.26297;    -2.58253;    0.364654;    0.320197;     31.2744;     noimage; 
    2.23141;    -2.49983;     2.33001;    -2.50868;    0.356539;    0.320611;      33.389;     noimage; 
    2.29614;     -2.4236;     2.31986;    -2.48274;    0.287204;    0.225541;     25.6392;     2.29614; 
    2.35697;    -2.34424;     2.44023;    -2.32229;    0.256888;    0.237141;     36.7312;     noimage; 
    2.41781;    -2.26487;     2.49812;    -2.24005;    0.250971;    0.238167;      38.771;     noimage; 
    2.47864;     -2.1855;     2.55482;    -2.15722;     0.24708;     0.23902;     40.3151;     noimage; 
    2.53948;    -2.10614;     2.61122;     -2.0748;    0.245006;    0.240852;     41.7308;     noimage; 
    2.60031;    -2.02677;     2.66764;    -1.99237;    0.244224;    0.242378;     42.8936;     noimage; 
    2.66115;     -1.9474;     2.72401;    -1.91005;    0.244818;    0.244502;     44.1574;     noimage; 
    2.71794;     -1.8651;     2.77635;    -1.82476;    0.246971;    0.246938;      45.265;     noimage; 
    2.77473;    -1.78279;     2.82886;    -1.73923;    0.250939;    0.249973;     46.3908;     noimage; 
    2.83152;    -1.70048;     2.88113;    -1.65406;     0.25732;    0.253863;     47.5613;     noimage; 
    2.88832;    -1.61817;     2.94019;    -1.65545;    0.335459;    0.323022;     32.9203;     2.88832; 
    2.94511;    -1.53586;     3.04937;    -1.48831;    0.325679;    0.325509;     44.0383;     noimage; 
     3.0019;    -1.45355;     3.10587;    -1.40554;    0.326143;    0.325982;     45.8795;     noimage; 
    3.05869;    -1.37125;     3.16077;     -1.3227;     0.32691;    0.326128;     46.8422;     noimage; 
    3.11549;    -1.28894;      3.2158;    -1.23971;    0.328106;    0.326308;     47.6513;     noimage; 
    3.17228;    -1.20663;     3.27083;    -1.15668;    0.330582;    0.327164;     48.5044;     noimage; 
    3.22907;    -1.12432;     3.32607;    -1.07338;    0.333647;    0.328242;     49.2254;     noimage; 
    3.28168;    -1.03928;     3.37701;   -0.987496;    0.336454;    0.329451;     49.5957;     noimage; 
    3.32997;   -0.951712;     3.42331;   -0.899775;    0.342829;    0.332273;     50.4692;     noimage; 
    3.37383;   -0.861841;     3.46597;   -0.808032;    0.351857;    0.336752;     51.4459;     noimage; 
    3.37383;   -0.861841;     3.46599;   -0.807995;    0.351854;    0.336751;     51.4454;     noimage; 
    3.37383;   -0.861841;      3.4515;    -0.84704;    0.267775;    0.222947;     61.2409;     3.37383; 
    3.37383;   -0.861841;     3.45032;   -0.846377;    0.267686;    0.222799;     61.2403;     noimage; 
