   trueRobX;    trueRobY;  trueRobPsi;       meanX;       meanY;        varX;        varY;     Observe; 
          0;           0;         inf;         inf;         inf;         inf;         inf;     noimage; 
          0;           0;    -0.00024;     -0.8588;     12.4047;     1.34905;     89.8946;           0; 
          0;           0;   0.0051599;   -0.728944;     11.7391;     1.24498;     89.8475;           0; 
          0;           0;     0.00516;     -0.7286;     11.7391;     1.24498;     89.8475;     noimage; 
          0;           0;  0.00516206;   -0.728891;     11.7391;     1.24498;     89.8475;     noimage; 
          0;           0;  0.00516206;   -0.728892;     11.7391;     1.24498;     89.8475;     noimage; 
          0;           0;  0.00516206;   -0.728892;     11.7391;     1.24498;     89.8475;     noimage; 
          0;           0;   0.0136821;   -0.594132;      10.797;     1.06958;     89.8946;           0; 
          0;           0;     0.01368;    -0.59384;      10.797;     1.06958;     89.8946;     noimage; 
          0;           0;   0.0136855;   -0.594078;      10.797;     1.06958;     89.8946;     noimage; 
        0.1;           0;    0.113144;   -0.593791;      10.803;     1.07832;     89.8855;     noimage; 
        0.2;           0;    0.212409;   -0.593579;      10.809;     1.08358;     89.8713;     noimage; 
        0.3;           0;    0.267469;   0.0832317;     6.81118;    0.333517;    -88.4927;         0.3; 
        0.4;           0;    0.467431;   0.0846971;     6.81497;    0.405639;    -88.4828;     noimage; 
        0.5;           0;    0.567482;    0.085352;     6.81641;    0.424132;    -88.4442;     noimage; 
        0.6;           0;    0.667384;   0.0859518;      6.8184;    0.442954;    -88.4283;     noimage; 
   0.699875;  0.00499792;    0.767341;   0.0915173;     6.82029;    0.458934;    -88.4164;     noimage; 
    0.79975;  0.00999583;    0.795922;   -0.028287;     2.47263;    0.340155;    -88.9391;     0.79975; 
   0.899625;   0.0149938;    0.996413;  -0.0180482;     2.43377;    0.422129;    -88.9618;     noimage; 
     0.9995;   0.0199917;     1.09695;  -0.0129613;      2.4145;     0.43538;    -88.9462;     noimage; 
    1.09938;   0.0249896;     1.19645; -0.00794135;     2.39631;    0.448211;    -89.0864;     noimage; 
    1.19925;   0.0299875;     1.20929;   0.0153205;     1.61812;    0.326523;    -88.3157;     1.19925; 
    1.29913;   0.0349854;     1.40866;   0.0256875;     1.57261;    0.408046;    -88.3522;     noimage; 
      1.399;   0.0399833;     1.50943;   0.0308838;     1.55085;    0.428562;    -88.4632;     noimage; 
    1.49888;   0.0449813;     1.60907;   0.0360199;     1.52926;    0.448703;    -88.6068;     noimage; 
    1.59875;   0.0499792;     1.61579;   0.0415495;     1.12833;    0.311914;    -88.5072;     1.59875; 
    1.69863;   0.0549771;     1.81516;    0.052039;     1.07903;    0.395281;    -88.3343;     noimage; 
     1.7985;    0.059975;     1.91541;   0.0572443;     1.05511;     0.41386;    -88.6141;     noimage; 
    1.89838;   0.0649729;     2.01589;   0.0625269;     1.02992;    0.429363;    -88.4505;     noimage; 
    1.99825;   0.0699708;     2.01996;   0.0608527;    0.968944;    0.283887;    -88.0261;     1.99825; 
    2.09813;   0.0749688;     2.21936;   0.0714562;    0.921634;    0.367293;    -87.4274;     noimage; 
      2.198;   0.0799667;     2.32035;   0.0767905;    0.898696;    0.388283;    -87.2394;     noimage; 
     2.2975;     0.08995;     2.41961;   0.0869982;     0.87749;    0.408888;    -87.6645;     noimage; 
    2.39638;    0.104894;     2.51873;    0.102249;    0.855853;    0.422097;    -87.9525;     noimage; 
    2.49438;    0.124761;     2.49242;   0.0952819;    0.680808;    0.241898;    -82.5953;     2.49438; 
    2.59128;    0.149501;     2.68659;    0.140144;    0.671745;    0.337975;     -84.087;     noimage; 
    2.68681;    0.179053;     2.78228;    0.172193;    0.665591;    0.354962;    -84.5529;     noimage; 
    2.78075;    0.213343;     2.87498;    0.208837;    0.659588;    0.371189;    -84.9463;     noimage; 
    2.87468;    0.247633;     2.96782;    0.245518;    0.656512;    0.387511;     -85.832;     noimage; 
    2.96862;    0.281923;     2.96122;    0.204798;     0.90872;    0.387713;     86.1175;     2.96862; 
    3.06256;    0.316212;     3.14464;    0.278391;    0.889785;    0.445755;     83.6661;     noimage; 
    3.15466;    0.355154;     3.23603;    0.319817;    0.881275;     0.46203;     82.7762;     noimage; 
    3.24471;    0.398651;     3.32476;    0.365986;    0.874203;    0.471996;     81.8452;     noimage; 
    3.33247;    0.446593;     3.41116;    0.416531;    0.868088;    0.482185;     80.5873;     noimage; 
    3.41772;    0.498862;     3.38276;    0.481396;    0.422262;    0.316579;    -80.3828;     3.41772; 
    3.50025;    0.555326;      3.5468;    0.593473;     0.43842;    0.358294;     76.1944;     noimage; 
    3.57986;    0.615845;     3.62515;    0.657953;    0.429685;      0.3609;      70.107;     noimage; 
    3.65635;    0.680267;     3.69899;    0.726181;    0.421967;    0.360269;     66.6845;     noimage; 
    3.72952;     0.74843;     3.76892;    0.797651;    0.417496;    0.358545;     64.2249;     noimage; 
    3.79919;    0.820166;     3.83523;    0.872574;    0.417247;    0.356359;     63.0285;     noimage; 
    3.86518;    0.895294;     3.84831;    0.899327;    0.275637;    0.264183;     31.0928;     3.86518; 
    3.92735;    0.973627;     3.97297;     1.05698;    0.258063;    0.258062;     44.9371;     noimage; 
    3.98551;     1.05497;     4.02863;     1.14104;    0.257501;    0.256194;      47.287;     noimage; 
    4.03954;     1.13912;     4.07861;     1.22752;    0.260991;    0.255455;      49.449;     noimage; 
     4.0893;     1.22586;     4.12415;     1.31634;    0.267773;    0.255685;      51.277;     noimage; 
    4.13466;     1.31498;     4.13433;     1.32849;    0.238264;    0.238248;      45.327;     4.13466; 
    4.17551;     1.40625;     4.21499;     1.51117;    0.272731;    0.238109;     57.1764;     noimage; 
    4.21174;     1.49946;     4.24802;     1.60565;    0.289148;    0.236377;     59.2646;     noimage; 
    4.24328;     1.59436;     4.27481;     1.70158;    0.302768;      0.2353;     60.7663;     noimage; 
    4.27003;     1.69071;     4.29681;     1.79905;    0.325502;    0.237359;     62.9239;     noimage; 
    4.29193;     1.78829;     4.28915;     1.78949;     0.32252;     0.24185;     56.9251;     4.29193; 
    4.30892;     1.88683;     4.32171;     1.98609;    0.386661;    0.256441;     60.3994;     noimage; 
    4.32097;      1.9861;      4.3306;     2.08625;    0.407573;    0.266007;     61.3988;     noimage; 
    4.32805;     2.08585;     4.33285;     2.18663;    0.431399;    0.276786;     62.4818;     noimage; 
    4.33013;     2.18583;     4.33002;     2.28712;    0.450257;    0.287548;     63.2669;     noimage; 
    4.32721;     2.28579;     4.32224;     2.38682;    0.472107;    0.300376;       64.16;     noimage; 
     4.3193;     2.38547;     4.32222;     2.38662;    0.472112;    0.300386;     64.1607;      4.3193; 
     4.3193;     2.38547;     4.30785;     2.48435;    0.498156;    0.315598;     65.2417;     noimage; 
     4.3193;     2.38547;     4.30958;     2.48535;    0.498091;    0.315673;     65.2308;     noimage; 
     4.3193;     2.38547;     4.30958;     2.48535;    0.498091;    0.315673;     65.2308;     noimage; 
     4.3193;     2.38547;     4.30958;     2.48535;    0.498091;    0.315673;     65.2308;     noimage; 
     4.3193;     2.38547;     4.30958;     2.48535;    0.498091;    0.315673;     65.2308;     noimage; 
     4.3193;     2.38547;     4.30381;     2.44602;    0.335127;    0.248788;      60.824;      4.3193; 
    4.27768;      2.4764;     4.25985;     2.53555;    0.371969;    0.265162;      64.336;     noimage; 
    4.23157;     2.56514;     4.21028;     2.62278;    0.398397;    0.281428;     67.2477;     noimage; 
    4.18109;     2.65146;     4.15482;     2.70621;    0.427073;     0.29696;     70.9692;     noimage; 
    4.12635;     2.73515;     4.09519;     2.78685;     0.44938;    0.313217;     74.6957;     noimage; 
     4.0675;       2.816;     4.03198;     2.86389;    0.465338;    0.327536;     78.4393;     noimage; 
    4.00469;     2.89381;     4.02122;     2.90057;    0.314155;    0.270181;     61.3655;     4.00469; 
    3.93806;     2.96838;     3.88657;     3.04761;    0.405436;    0.330936;     84.7068;     noimage; 
    3.86779;     3.03953;     3.81421;     3.11618;    0.410342;    0.340164;     -85.444;     noimage; 
    3.79405;     3.10707;     3.73681;     3.17991;    0.402359;    0.346951;    -75.5969;     noimage; 
    3.71702;     3.17085;     3.73474;     3.19134;     0.33529;    0.281079;     87.5718;     3.71702; 
    3.63691;      3.2307;     3.57249;     3.30899;     0.30517;    0.304154;    -47.8934;     noimage; 
     3.5568;     3.29054;      3.5697;     3.31507;    0.300729;    0.300411;    -43.7552;      3.5568; 
    3.47668;     3.35039;     3.40283;     3.42402;    0.307588;    0.293978;    -38.5271;     noimage; 
    3.39657;     3.41024;     3.32086;     3.48095;    0.309019;    0.290327;    -37.7713;     noimage; 
    3.31645;     3.47008;      3.3412;     3.49969;    0.283984;    0.257668;    -31.2746;     3.31645; 
    3.23634;     3.52993;     3.17492;     3.61287;    0.301544;    0.263148;    -32.7442;     noimage; 
    3.15622;     3.58978;     3.09402;     3.67135;    0.312366;    0.266685;    -32.1955;     noimage; 
    3.07611;     3.64963;     3.09712;     3.67635;    0.171904;    0.139348;    -28.6896;     3.07611; 
      2.996;     3.70947;     2.93472;      3.7908;    0.182608;    0.138662;    -33.5546;     noimage; 
    2.91588;     3.76932;     2.85437;     3.85096;    0.186902;    0.138758;    -33.7394;     noimage; 
    2.83577;     3.82917;     2.77731;     3.89801;    0.162373;   0.0439051;    -35.5293;     2.83577; 
    2.75565;     3.88901;     2.61552;     4.01311;    0.180322;   0.0424206;    -35.6258;     noimage; 
    2.67554;     3.94886;     2.53557;     4.07352;    0.185518;   0.0440846;    -35.6682;     noimage; 
    2.59542;     4.00871;     2.45386;     4.13284;    0.189181;   0.0442836;    -35.6862;     noimage; 
    2.51531;     4.06856;     2.39928;     4.17202;   0.0399643;   0.0114864;     -36.003;     2.51531; 
    2.43519;      4.1284;     2.23726;     4.28736;   0.0829447; 7.56423e-09;    -35.9984;     noimage; 
    2.35508;     4.18825;     2.15706;     4.34799;   0.0902848;   0.0114804;    -36.0118;     noimage; 
    2.27497;      4.2481;     2.07572;     4.40709;   0.0981947;    0.011485;    -36.0113;     noimage; 
    2.19485;     4.30794;     2.07582;     4.40702;   0.0982429;   0.0114851;    -36.0065;     2.19485; 
    2.11185;     4.36371;     1.91279;     4.52311;    0.122711;   0.0245632;    -36.0733;     noimage; 
    2.02616;     4.41526;     1.82701;     4.57544;    0.136941;   0.0399157;    -35.6489;     noimage; 
    1.94047;     4.46681;     1.74042;     4.62599;    0.150973;   0.0519627;    -35.2999;     noimage; 
    1.85478;     4.51836;     1.65376;     4.67659;     0.16346;   0.0638204;     -35.047;     noimage; 
    1.76909;     4.56991;     1.71334;     4.63712;    0.121065;   0.0229045;     -33.584;     1.76909; 
     1.6834;     4.62146;     1.54026;     4.73674;    0.169573;   0.0269613;    -32.1705;     noimage; 
    1.59524;     4.66867;     1.45188;     4.78523;    0.185551;   0.0350252;    -31.6026;     noimage; 
    1.50484;     4.71141;     1.36094;     4.82721;    0.203041;   0.0430213;    -30.9272;     noimage; 
    1.41241;     4.74957;     1.39215;     4.80847;     0.15387;   0.0292385;    -30.5661;     1.41241; 
    1.31998;     4.78774;     1.20694;     4.88082;    0.230416;   0.0382612;    -27.0362;     noimage; 
    1.22755;      4.8259;     1.11452;     4.92012;    0.248251;   0.0407302;    -26.4332;     noimage; 
    1.13512;     4.86407;     1.02111;     4.95768;    0.261838;   0.0408049;    -26.0114;     noimage; 
    1.04269;     4.90224;     1.02924;     4.95356;    0.182063;   0.0402169;    -26.6196;     1.04269; 
   0.950255;      4.9404;     0.84253;     5.02664;    0.255048;   0.0395727;    -24.4364;     noimage; 
   0.857825;     4.97857;    0.749968;     5.06608;    0.271131;   0.0407495;    -24.0909;     noimage; 
   0.765395;     5.01673;    0.657345;      5.1034;    0.287268;   0.0400358;    -23.8214;     noimage; 
   0.672964;      5.0549;    0.659446;     5.10243;    0.183065;   0.0397301;    -24.5086;    0.672964; 
   0.580534;     5.09307;    0.474499;     5.17485;    0.249412;   0.0367679;    -23.2961;     noimage; 
   0.488104;     5.13123;    0.381628;      5.2144;    0.265812;   0.0383136;    -23.0843;     noimage; 
   0.393882;     5.16473;    0.287293;     5.24703;    0.286861;   0.0402694;    -22.5504;     noimage; 
   0.298103;     5.19348;    0.316448;     5.23134;    0.298522;   0.0417583;    -25.2553;    0.298103; 
   0.201007;      5.2174;    0.124264;     5.28257;    0.345841;   0.0720413;     -24.712;     noimage; 
   0.103911;     5.24133;   0.0268627;     5.30655;    0.354947;   0.0874103;    -24.8678;     noimage; 
 0.00681557;     5.26525;  -0.0706831;     5.32843;    0.360082;    0.101701;    -25.1146;     noimage; 
 -0.0902802;     5.28918;  -0.0920079;     5.34361;    0.227279;   0.0462756;    -20.9348;  -0.0902802; 
  -0.187376;      5.3131;    -0.28814;     5.38746;    0.313386;    0.052568;    -17.6972;     noimage; 
  -0.284472;     5.33703;   -0.386001;     5.41254;    0.334985;   0.0554742;    -17.2122;     noimage; 
  -0.382642;     5.35607;   -0.484284;     5.43048;    0.353961;   0.0591549;    -16.5813;     noimage; 
  -0.481641;     5.37018;   -0.583506;      5.4435;    0.372793;   0.0650673;    -15.8643;     noimage; 
  -0.581222;     5.37933;   -0.589132;      5.4447;      0.2206;   0.0497466;    -17.1111;   -0.581222; 
  -0.680803;     5.38848;    -0.78824;     5.45808;    0.334161;   0.0602276;    -11.0929;     noimage; 
  -0.780384;     5.39762;   -0.888447;     5.46805;    0.359714;   0.0624619;    -10.2719;     noimage; 
  -0.879965;     5.40677;   -0.988541;     5.47585;    0.383391;   0.0626613;    -9.71862;     noimage; 
  -0.979546;     5.41591;    -1.08855;     5.48364;    0.404381;   0.0632148;    -9.18923;     noimage; 
   -1.07913;     5.42506;    -1.08895;     5.48332;    0.271927;   0.0600549;    -11.0009;    -1.07913; 
   -1.17871;     5.43421;    -1.28808;     5.49677;    0.360812;   0.0597119;     -8.3015;     noimage; 
   -1.27829;     5.44335;    -1.38826;     5.50678;    0.377853;   0.0601873;    -8.00678;     noimage; 
   -1.37787;      5.4525;    -1.48821;     5.51462;    0.393946;   0.0594822;    -7.67494;     noimage; 
   -1.47745;     5.46165;    -1.58757;     5.52241;    0.414276;   0.0583626;    -7.48711;     noimage; 
   -1.57703;     5.47079;    -1.58741;      5.5224;     0.41428;   0.0583736;    -7.48332;    -1.57703; 
   -1.67694;     5.47495;    -1.78565;     5.53579;     0.47385;   0.0607582;    -6.74505;     noimage; 
   -1.77694;     5.47411;    -1.88646;     5.53583;    0.491146;   0.0684677;    -6.28568;     noimage; 
   -1.87694;     5.47327;    -1.98583;     5.53368;    0.505629;   0.0753537;    -5.97075;     noimage; 
   -1.97693;     5.47243;    -2.08542;      5.5315;    0.517901;   0.0838208;     -5.6427;     noimage; 
   -2.07693;     5.47159;    -2.18439;     5.52935;     0.53592;   0.0929615;     -5.2723;     noimage; 
   -2.17693;     5.47075;    -2.18419;     5.52935;    0.535918;   0.0929736;    -5.26937;    -2.17693; 
   -2.27692;     5.46991;    -2.38416;     5.52276;    0.592044;    0.114346;    -4.03612;     noimage; 
   -2.37692;     5.46907;    -2.48503;     5.52279;    0.607655;     0.12553;    -3.80012;     noimage; 
   -2.47692;     5.46823;    -2.58499;     5.52061;     0.61669;    0.136206;    -3.57008;     noimage; 
   -2.57691;     5.46739;    -2.68523;     5.51842;    0.627952;    0.147005;    -3.38368;     noimage; 
   -2.67691;     5.46654;    -2.78541;     5.51623;    0.640569;    0.158138;     -3.1304;     noimage; 
   -2.77691;      5.4657;    -2.78521;     5.51624;    0.640562;    0.158145;    -3.12821;    -2.77691; 
    -2.8769;     5.46486;     -2.9836;     5.50968;    0.681828;    0.180904;    -2.38673;     noimage; 
   -2.97673;     5.45903;    -3.08456;     5.50473;    0.691546;    0.192649;    -2.25872;     noimage; 
   -3.07614;     5.44821;    -3.18388;      5.4926;    0.699432;    0.205479;    -1.99067;     noimage; 
   -3.17489;     5.43243;    -3.28202;     5.47558;    0.709241;     0.21948;    -1.61445;     noimage; 
   -3.27273;     5.41174;    -3.37924;     5.45371;    0.718389;    0.233897;    -1.23886;     noimage; 
   -3.36941;     5.38619;    -3.37904;     5.45372;    0.718378;    0.233904;    -1.23706;    -3.36941; 
   -3.46469;     5.35583;    -3.57057;     5.39793;    0.765381;    0.269552;     0.78594;     noimage; 
   -3.55997;     5.32548;    -3.66635;      5.3687;    0.775713;    0.285182;     1.10572;     noimage; 
   -3.65525;     5.29512;    -3.76104;     5.33721;    0.783776;    0.300463;     1.34156;     noimage; 
   -3.75054;     5.26477;     -3.8558;     5.30569;    0.794056;    0.315327;      1.5258;     noimage; 
   -3.84582;     5.23442;    -3.94996;     5.27435;    0.800585;    0.332023;     1.78446;     noimage; 
    -3.9411;     5.20406;    -3.94977;     5.27441;    0.800571;    0.332035;     1.78581;     -3.9411; 
   -4.03638;     5.17371;    -4.13816;     5.20908;    0.827799;    0.368006;     3.01064;     noimage; 
   -4.13166;     5.14335;    -4.23442;     5.17967;    0.838216;    0.384367;     3.15119;     noimage; 
   -4.22531;     5.10828;    -4.32686;     5.14368;    0.843535;    0.401328;     3.28199;     noimage; 
   -4.31708;     5.06856;    -4.41892;     5.10241;    0.849622;    0.419485;     3.52566;     noimage; 
   -4.40676;     5.02431;    -4.41877;     5.10246;    0.849609;    0.419493;     3.52666;    -4.40676; 
   -4.49411;     4.97563;     -4.5946;     5.00987;    0.874931;    0.457809;     4.61672;     noimage; 
   -4.58146;     4.92695;    -4.68379;     4.96163;    0.883932;    0.476816;     4.81921;     noimage; 
   -4.66882;     4.87827;    -4.77032;     4.91185;    0.887766;    0.496811;     4.90085;     noimage; 
   -4.75617;     4.82959;    -4.85694;     4.86207;    0.895818;    0.515083;     4.91263;     noimage; 
   -4.84352;     4.78092;    -4.94353;     4.81227;    0.900821;    0.535198;     4.96509;     noimage; 
   -4.93087;     4.73224;    -4.94335;     4.81237;    0.900806;    0.535209;     4.96607;    -4.93087; 
   -5.01822;     4.68356;    -5.11434;     4.71089;    0.923541;    0.580909;     6.50469;     noimage; 
   -5.10303;     4.63057;    -5.20073;     4.65847;     0.93124;    0.599881;     6.28926;     noimage; 
   -5.18509;     4.57342;    -5.28179;     4.60035;    0.939747;    0.619323;     6.26013;     noimage; 
   -5.26419;     4.51223;    -5.36054;     4.53769;    0.949824;    0.638634;     6.11618;     noimage; 
   -5.34013;     4.44717;    -5.43522;     4.47193;    0.957092;    0.657657;     5.65905;     noimage; 
   -5.41272;     4.37839;    -5.43506;     4.47204;    0.957077;    0.657668;     5.65983;    -5.41272; 
   -5.48179;     4.30607;     -5.5762;     4.33101;     0.98009;    0.702891;     6.25683;     noimage; 
   -5.54715;     4.23039;     -5.6422;     4.25695;     0.99059;    0.721887;     5.58243;     noimage; 
   -5.60865;     4.15154;     -5.7028;     4.17714;     1.00236;    0.742891;     5.26727;     noimage; 
   -5.66613;     4.06971;    -5.75945;     4.09431;     1.01316;    0.758292;     3.78145;     noimage; 
   -5.71945;     3.98512;    -5.75934;     4.09442;     1.01316;    0.758301;     3.78136;    -5.71945; 
   -5.76848;     3.89796;     -5.8619;     3.92182;     1.04059;    0.807086;     3.57124;     noimage; 
   -5.81309;     3.80846;    -5.90766;     3.83348;     1.05263;    0.827831;        2.15;     noimage; 
   -5.85317;     3.71684;     -5.9465;     3.74162;      1.0645;    0.842561;   0.0976107;     noimage; 
   -5.88862;     3.62334;     -5.9807;     3.64797;     1.07556;     0.85855;    -2.06672;     noimage; 
   -5.91935;     3.52818;    -6.01032;     3.55217;     1.08604;    0.870662;    -4.28877;     noimage; 
   -5.94529;      3.4316;    -6.01024;     3.55235;     1.08603;    0.870672;    -4.29045;    -5.94529; 
   -5.97123;     3.33502;    -6.05758;     3.35628;     1.10319;      0.9109;    -9.01091;     noimage; 
   -5.99231;     3.23727;    -6.07992;     3.25955;     1.11556;    0.922945;    -10.2355;     noimage; 
   -6.00848;     3.13859;    -6.09482;     3.16115;     1.12163;    0.933345;    -12.5864;     noimage; 
   -6.01969;     3.03922;    -6.10479;     3.06215;     1.12925;    0.943348;    -14.3894;     noimage; 
   -6.02593;     2.93941;    -6.10987;     2.96232;     1.13911;    0.944122;    -15.4181;     noimage; 
   -6.02717;     2.83942;    -6.10983;     2.96251;      1.1391;    0.944127;    -15.4202;    -6.02717; 
   -6.02341;     2.73949;    -6.10754;     2.76123;     1.15756;    0.966826;    -18.1408;     noimage; 
   -6.01466;     2.63987;     -6.1001;     2.66292;     1.17366;    0.969156;    -18.1605;     noimage; 
   -6.00094;     2.54082;    -6.08523;     2.56414;     1.19221;     0.97306;     -17.993;     noimage; 
   -5.98722;     2.44176;    -6.07052;     2.46649;     1.20961;    0.972858;    -17.9527;     noimage; 
    -5.9735;     2.34271;    -6.05575;     2.36795;     1.23203;    0.974547;    -17.3976;     noimage; 
   -5.95978;     2.24365;    -5.84632;     2.28039;     1.06994;    0.883009;    -22.1335;    -5.95978; 
   -5.94607;      2.1446;    -5.79633;     2.08555;     1.09083;    0.897469;     -22.753;     noimage; 
   -5.92742;     2.04635;    -5.77009;     1.99079;     1.10529;     0.89862;    -22.5253;     noimage; 
   -5.90388;     1.94916;    -5.73664;     1.89645;      1.1236;    0.897559;    -21.8986;     noimage; 
   -5.87551;     1.85327;    -5.69856;     1.80398;     1.14161;    0.897002;    -21.4844;     noimage; 
   -5.84239;     1.75892;    -5.65624;     1.71431;     1.16105;    0.901704;    -21.0004;     noimage; 
   -5.80459;     1.66634;    -5.74305;     1.74096;     1.04013;    0.774425;    -1.00104;    -5.80459; 
   -5.76221;     1.57576;    -5.65667;     1.55824;     1.04706;    0.793299;    -5.59115;     noimage; 
   -5.71984;     1.48518;    -5.61215;     1.46964;     1.04932;    0.791525;    -6.55393;     noimage; 
   -5.67746;     1.39461;    -5.63512;     1.51735;    0.830049;    0.821048;    -41.7245;    -5.67746; 
   -5.63508;     1.30403;    -5.54896;     1.33669;    0.830723;    0.814355;    -40.8101;     noimage; 
    -5.5927;     1.21345;    -5.50927;     1.24727;    0.833596;     0.80874;    -39.9392;     noimage; 
   -5.55032;     1.12288;    -5.49503;     1.22268;    0.559277;      0.5491;     -47.838;    -5.55032; 
   -5.50795;      1.0323;    -5.41262;      1.0398;    0.548272;    0.543908;    -46.7796;     noimage; 
   -5.46557;    0.941722;    -5.37442;    0.948407;    0.542305;    0.540701;    -46.0621;     noimage; 
   -5.42319;    0.851145;    -5.33397;    0.856489;    0.539001;    0.538566;     -45.543;     noimage; 
   -5.38081;    0.760568;    -5.31882;    0.845606;    0.467141;    0.467066;    -44.7395;    -5.38081; 
   -5.33396;    0.672223;    -5.23589;    0.662544;    0.466959;     0.46645;    -44.3499;     noimage; 
   -5.28711;    0.583878;    -5.19289;    0.573187;    0.467122;    0.465439;    -43.8316;     noimage; 
   -5.24026;    0.495532;    -5.14767;    0.483345;    0.467737;     0.46424;     -43.338;     noimage; 
   -5.19341;    0.407187;     -5.1132;    0.448733;    0.350244;    0.311679;    -55.6131;    -5.19341; 
   -5.14656;    0.318841;    -5.01924;    0.270119;    0.372856;    0.310692;    -56.9853;     noimage; 
    -5.0997;    0.230496;    -4.97559;    0.181577;    0.373751;    0.309792;    -56.8135;     noimage; 
   -5.05285;     0.14215;    -4.92992;   0.0929197;    0.376834;    0.309071;    -56.8564;     noimage; 
     -5.006;   0.0538048;    -4.93049;   0.0933664;    0.372898;     0.30891;    -56.5998;      -5.006; 
   -4.95479;  -0.0320887;    -4.83671;  -0.0847117;    0.389119;    0.308286;    -56.8734;     noimage; 
   -4.89935;   -0.115315;     -4.7845;   -0.168115;    0.388004;    0.308817;    -56.4617;     noimage; 
   -4.83983;   -0.195667;    -4.72593;    -0.24912;    0.385984;    0.309932;    -55.9591;     noimage; 
   -4.77636;   -0.272944;    -4.71309;   -0.255637;     0.32516;    0.218956;    -58.3486;    -4.77636; 
   -4.70911;   -0.346952;    -4.57859;   -0.405171;    0.318758;    0.221541;    -56.4293;     noimage; 
   -4.63824;   -0.417506;    -4.50645;   -0.473676;    0.316186;    0.224217;    -55.9466;     noimage; 
   -4.56393;    -0.48443;    -4.50379;   -0.500656;    0.234865;    0.207966;     -53.716;    -4.56393; 
   -4.48963;   -0.551354;    -4.35387;   -0.633834;    0.224825;    0.210019;    -50.3233;     noimage; 
   -4.41207;    -0.61448;    -4.35884;   -0.634013;    0.204074;    0.195079;    -49.3619;    -4.41207; 
   -4.33452;   -0.677607;    -4.20222;   -0.760386;    0.194898;    0.192553;     -46.872;     noimage; 
   -4.25696;   -0.740734;    -4.12691;   -0.823645;    0.192356;    0.191409;    -46.1453;     noimage; 
    -4.1794;    -0.80386;    -4.13338;   -0.820395;    0.192095;    0.184144;    -48.6845;     -4.1794; 
   -4.10185;   -0.866987;    -3.97749;   -0.946051;    0.184166;     0.18318;    -46.1253;     noimage; 
   -4.02429;   -0.930114;    -3.98257;   -0.944965;    0.183853;     0.17893;     -47.841;    -4.02429; 
   -3.94673;    -0.99324;    -3.82498;    -1.07196;     0.17771;     0.17754;    -45.4554;     noimage; 
   -3.86918;    -1.05637;    -3.74944;    -1.13531;    0.175867;    0.175861;     -45.077;     noimage; 
   -3.79162;    -1.11949;    -3.75204;    -1.13433;    0.173479;    0.172518;    -46.1938;    -3.79162; 
   -3.71406;    -1.18262;     -3.5962;    -1.25985;    0.170711;    0.170329;    -44.3402;     noimage; 
   -3.63651;    -1.24575;    -3.59967;    -1.25951;    0.168529;      0.1685;    -45.2071;    -3.63651; 
   -3.55895;    -1.30887;    -3.44248;    -1.38611;    0.167118;    0.165553;    -43.6871;     noimage; 
   -3.48139;      -1.372;    -3.36616;    -1.45007;    0.167779;    0.164378;    -43.1259;     noimage; 
   -3.40384;    -1.43513;     -3.3684;    -1.44885;     0.16426;    0.162757;    -43.5382;    -3.40384; 
   -3.32628;    -1.49825;    -3.21237;    -1.57448;    0.165156;    0.159229;    -42.4715;     noimage; 
   -3.24872;    -1.56138;    -3.21274;    -1.57617;    0.159734;    0.157751;    -43.3214;    -3.24872; 
   -3.17117;    -1.62451;    -3.05758;    -1.70104;    0.164672;     0.15525;    -41.8547;     noimage; 
   -3.09055;    -1.68368;    -2.97794;    -1.76117;    0.168204;    0.154806;     -41.354;     noimage; 
   -3.00708;    -1.73875;    -2.98072;    -1.75927;    0.175735;    0.157031;    -39.8665;    -3.00708; 
   -2.92361;    -1.79382;    -2.81212;    -1.86903;    0.195852;    0.154495;      -38.19;     noimage; 
   -2.84014;    -1.84888;    -2.72948;    -1.92504;    0.198929;    0.152808;    -37.9527;     noimage; 
   -2.75667;    -1.90395;    -2.73157;    -1.92412;    0.177285;    0.152429;     -39.025;    -2.75667; 
    -2.6732;    -1.95902;    -2.56285;     -2.0339;    0.196052;    0.149588;    -37.6247;     noimage; 
   -2.58972;    -2.01409;    -2.48026;    -2.08986;    0.200863;    0.148052;    -37.3174;     noimage; 
   -2.50625;    -2.06916;    -2.48147;    -2.08928;    0.177879;    0.146818;    -38.1326;    -2.50625; 
   -2.42278;    -2.12423;    -2.31395;    -2.19825;    0.194612;    0.143098;    -37.1945;     noimage; 
   -2.33931;     -2.1793;    -2.23098;    -2.25446;    0.198708;    0.141418;    -36.9942;     noimage; 
   -2.25584;    -2.23436;    -2.23197;    -2.25402;    0.181419;    0.141259;     -37.104;    -2.25584; 
   -2.17237;    -2.28943;    -2.06481;    -2.36275;    0.203196;    0.137911;    -36.0918;     noimage; 
    -2.0889;     -2.3445;    -1.98205;    -2.41881;    0.209884;    0.136431;    -35.8089;     noimage; 
   -2.00543;    -2.39957;    -1.98287;    -2.41846;    0.181739;    0.134984;    -36.3043;    -2.00543; 
   -1.92195;    -2.45464;    -1.81504;    -2.52762;    0.201157;    0.131314;    -35.6475;     noimage; 
   -1.83848;    -2.50971;    -1.73236;    -2.58362;    0.206166;    0.129752;    -35.4872;     noimage; 
   -1.75501;    -2.56478;    -1.73128;    -2.58478;    0.184671;    0.128317;    -35.3292;    -1.75501; 
   -1.67154;    -2.61984;    -1.56245;    -2.69458;    0.204647;    0.124664;    -34.8951;     noimage; 
   -1.58807;    -2.67491;     -1.4795;    -2.75075;    0.209436;    0.123273;     -34.675;     noimage; 
    -1.5046;    -2.72998;     -1.4811;    -2.75001;    0.188884;    0.123466;    -34.2904;     -1.5046; 
   -1.42113;    -2.78505;    -1.31265;    -2.85956;    0.211007;    0.120506;    -33.9347;     noimage; 
   -1.33501;    -2.83588;    -1.22667;    -2.91171;    0.217442;    0.120233;    -33.7012;     noimage; 
   -1.24646;    -2.88234;    -1.22279;    -2.90179;    0.197195;    0.135974;    -33.9127;    -1.24646; 
   -1.15569;    -2.92431;     -1.0439;    -2.99112;    0.247733;    0.156059;    -32.0466;     noimage; 
   -1.06493;    -2.96629;   -0.952583;    -3.03321;    0.263434;    0.167594;    -31.5466;     noimage; 
  -0.974165;    -3.00827;   -0.962297;    -3.04159;    0.184842;    0.121318;      -34.03;   -0.974165; 
  -0.883402;    -3.05024;   -0.780163;    -3.12366;    0.235281;    0.122171;     -31.348;     noimage; 
  -0.792639;    -3.09222;   -0.688778;    -3.16693;    0.247719;    0.121841;    -30.8096;     noimage; 
  -0.701875;     -3.1342;   -0.597401;    -3.20881;    0.255441;    0.121099;    -30.4442;     noimage; 
  -0.611112;    -3.17617;   -0.596627;    -3.20877;    0.205153;    0.119774;    -31.2419;   -0.611112; 
  -0.520349;    -3.21815;   -0.414313;    -3.29099;    0.252985;    0.117999;     -29.364;     noimage; 
  -0.429585;    -3.26013;   -0.323533;    -3.33402;     0.26263;    0.116851;    -29.0716;     noimage; 
  -0.338822;     -3.3021;   -0.233067;    -3.37551;    0.276093;      0.1156;    -28.7141;     noimage; 
  -0.248059;    -3.34408;   -0.232005;    -3.37559;    0.213583;    0.115107;    -29.3297;   -0.248059; 
  -0.157295;    -3.38605;  -0.0501938;    -3.45767;    0.262192;    0.113008;    -27.9371;     noimage; 
 -0.0645475;    -3.42344;    0.043308;    -3.49646;    0.277614;     0.11347;    -27.4044;     noimage; 
   0.029953;    -3.45615;    0.137908;    -3.52891;    0.294261;    0.114731;    -26.7841;     noimage; 
    0.12597;    -3.48409;    0.129121;    -3.51271;    0.233058;    0.101075;     -20.604;     0.12597; 
   0.223264;     -3.5072;    0.324744;     -3.5596;    0.314221;    0.118401;    -18.1441;     noimage; 
    0.32159;    -3.52541;    0.424136;    -3.57524;    0.336847;    0.131514;    -17.2928;     noimage; 
   0.420705;    -3.53869;    0.523893;    -3.58449;    0.359619;    0.146883;    -16.2718;     noimage; 
   0.520359;      -3.547;    0.523775;    -3.58446;    0.359629;    0.146886;    -16.2697;    0.520359; 
   0.620304;    -3.55032;    0.723833;    -3.59152;    0.443306;    0.183979;    -12.9516;     noimage; 
    0.72029;    -3.54864;    0.823744;    -3.58725;    0.462601;    0.203392;    -12.2912;     noimage; 
   0.820067;    -3.54196;    0.922939;    -3.57654;    0.478699;    0.223806;    -11.7776;     noimage; 
   0.919385;    -3.53031;     1.02189;    -3.56084;    0.493882;    0.245638;    -11.2697;     noimage; 
      1.018;     -3.5137;     1.11972;    -3.54026;    0.509355;    0.268353;    -10.8292;     noimage; 
    1.11566;    -3.49219;     1.11945;    -3.52692;    0.407987;    0.152549;   0.0385396;     1.11566; 
    1.11566;    -3.49219;     1.21589;    -3.49879;    0.419148;     0.15794;      2.0531;     noimage; 
    1.11566;    -3.49219;     1.21638;    -3.50019;    0.419164;    0.158168;      2.0447;     noimage; 
    1.11566;    -3.49219;     1.21638;    -3.50019;    0.419164;    0.158168;     2.04469;     noimage; 
    1.11566;    -3.49219;     1.21638;    -3.50019;    0.419164;    0.158168;     2.04469;     noimage; 
    1.11566;    -3.49219;     1.20628;    -3.49747;    0.319324;    0.143745;    0.325027;     1.11566; 
     1.2026;    -3.44278;     1.29199;    -3.44592;    0.333963;    0.152242;     5.22234;     noimage; 
    1.28696;    -3.38908;     1.37364;    -3.38854;    0.340197;    0.161177;     9.33363;     noimage; 
    1.36853;    -3.33124;     1.45119;    -3.32625;    0.340111;     0.17108;     12.9829;     noimage; 
    1.44711;    -3.26939;     1.46223;    -3.32164;    0.283149;     0.15811;     11.2507;     1.44711; 
     1.5225;    -3.20369;     1.61137;    -3.18798;    0.268038;     0.17632;     26.0454;     noimage; 
    1.59789;    -3.13799;     1.68322;    -3.11968;    0.259676;    0.178014;     28.7302;     noimage; 
    1.67328;     -3.0723;     1.67828;    -3.12866;    0.229973;    0.174441;     32.5697;     1.67328; 
    1.74867;     -3.0066;     1.82235;    -2.98848;    0.212687;    0.182431;     37.4955;     noimage; 
    1.82068;    -2.93721;     1.84035;    -2.97492;    0.226466;    0.181418;      32.177;     1.82068; 
    1.88914;    -2.86432;     1.97626;    -2.82646;    0.201532;    0.184898;     39.0752;     noimage; 
    1.95759;    -2.79142;     1.98119;    -2.82726;    0.205666;    0.184141;     37.9081;     1.95759; 
    2.02605;    -2.71852;      2.1095;    -2.67297;    0.192968;    0.185615;     41.5694;     noimage; 
     2.0945;    -2.64562;     2.17473;    -2.59766;    0.190574;    0.185673;     42.3271;     noimage; 
    2.16296;    -2.57273;     2.18702;    -2.62473;    0.207799;    0.190347;     30.1802;     2.16296; 
    2.23141;    -2.49983;     2.31848;    -2.47477;    0.201067;    0.200119;      43.048;     noimage; 
    2.29614;     -2.4236;     2.31792;    -2.43484;    0.167708;    0.167633;     44.5952;     2.29614; 
    2.35697;    -2.34424;     2.43779;    -2.27528;    0.172735;    0.166956;     47.9336;     noimage; 
    2.41781;    -2.26487;     2.49506;    -2.19406;    0.175859;    0.166405;     48.6111;     noimage; 
    2.47864;     -2.1855;     2.50766;     -2.2408;     0.24501;    0.210236;     60.8029;     2.47864; 
    2.53948;    -2.10614;     2.62562;    -2.07741;    0.268005;    0.220706;     58.8122;     noimage; 
    2.60031;    -2.02677;     2.68601;    -1.99716;    0.275555;    0.226814;     58.6492;     noimage; 
    2.66115;     -1.9474;     2.67499;    -1.93483;    0.181601;    0.149117;     52.8759;     2.66115; 
    2.71794;     -1.8651;     2.78782;    -1.76886;    0.203968;    0.147151;     54.0515;     noimage; 
    2.77473;    -1.78279;     2.84109;    -1.68518;    0.212544;    0.147427;     54.5771;     noimage; 
    2.83152;    -1.70048;     2.87944;    -1.73418;    0.279645;    0.228498;     58.6955;     2.83152; 
    2.88832;    -1.61817;     2.98827;    -1.56737;    0.309236;    0.240337;     58.6802;     noimage; 
    2.94511;    -1.53586;     3.04449;     -1.4849;    0.316987;    0.246871;     58.5539;     noimage; 
     3.0019;    -1.45355;     3.05686;    -1.49284;    0.133069;    0.132126;     46.4996;      3.0019; 
    3.05869;    -1.37125;     3.16764;    -1.32628;    0.148703;    0.130688;     50.2325;     noimage; 
    3.11549;    -1.28894;      3.2248;      -1.244;    0.155708;     0.12967;     51.0373;     noimage; 
    3.17228;    -1.20663;     3.22665;    -1.24044;    0.132138;    0.127036;     48.4497;     3.17228; 
    3.22907;    -1.12432;     3.33741;     -1.0743;       0.151;    0.125215;     51.3116;     noimage; 
    3.28168;    -1.03928;     3.39058;   -0.989113;    0.160297;    0.125269;     52.1523;     noimage; 
    3.32997;   -0.951712;     3.38957;   -0.990324;    0.160551;    0.125239;      52.085;     3.32997; 
    3.37383;   -0.861841;     3.48293;   -0.814177;    0.204591;    0.128896;     54.7018;     noimage; 
    3.37383;   -0.861841;     3.48432;   -0.814502;    0.204652;    0.129141;     54.6953;     noimage; 
    3.37383;   -0.861841;     3.45688;   -0.848323;    0.164778;    0.117908;     55.4843;     3.37383; 
    3.37383;   -0.861841;     3.45552;   -0.847927;     0.16469;    0.117633;     55.4961;     noimage; 
    3.37383;   -0.861841;      3.4569;   -0.848266;    0.164764;    0.117904;     55.4827;     noimage; 
