   trueRobX;    trueRobY;  trueRobPsi;       meanX;       meanY;        varX;        varY;     Observe; 
          0;           0;         inf;         inf;         inf;         inf;         inf;     noimage; 
          0;           0;    -0.00024;     -0.8588;     12.4047;     1.34905;     89.8946;           0; 
          0;           0;   0.0051599;   -0.728944;     11.7391;     1.24498;     89.8475;           0; 
          0;           0;     0.00516;     -0.7286;     11.7391;     1.24498;     89.8475;     noimage; 
          0;           0;  0.00516206;   -0.728891;     11.7391;     1.24498;     89.8475;     noimage; 
          0;           0;  0.00516206;   -0.728892;     11.7391;     1.24498;     89.8475;     noimage; 
          0;           0;  0.00516206;   -0.728892;     11.7391;     1.24498;     89.8475;     noimage; 
          0;           0;   0.0136821;   -0.594132;      10.797;     1.06958;     89.8946;           0; 
          0;           0;     0.01368;    -0.59384;      10.797;     1.06958;     89.8946;     noimage; 
          0;           0;   0.0136855;   -0.594078;      10.797;     1.06958;     89.8946;     noimage; 
          0;           0;   0.0136855;   -0.594078;      10.797;     1.06958;     89.8946;     noimage; 
        0.1;           0;   0.0579255;   -0.278798;     8.87803;    0.477689;    -89.4479;         0.1; 
        0.2;           0;    0.257323;   -0.278306;     8.88997;     0.53443;     -89.428;     noimage; 
        0.3;           0;    0.357385;   -0.278288;     8.89615;    0.545571;    -89.4408;     noimage; 
        0.4;           0;    0.457264;    -0.27821;     8.90225;    0.557633;    -89.4367;     noimage; 
        0.5;           0;    0.488906;   0.0653079;     4.49377;    0.316324;    -88.4491;         0.5; 
        0.6;           0;    0.688669;   0.0663239;     4.48903;    0.398405;    -88.4502;     noimage; 
   0.699875;  0.00499792;    0.788132;   0.0717562;     4.48642;    0.418367;    -88.4222;     noimage; 
    0.79975;  0.00999583;    0.888436;   0.0772893;     4.48475;    0.433905;    -88.4186;     noimage; 
   0.899625;   0.0149938;    0.988582;   0.0827635;     4.48296;    0.456657;    -88.4021;     noimage; 
     0.9995;   0.0199917;     1.00423; -0.00355141;     1.40698;    0.338172;    -89.6198;      0.9995; 
    1.09938;   0.0249896;     1.20206;  0.00725392;     1.35268;    0.410158;    -89.6762;     noimage; 
    1.19925;   0.0299875;     1.30236;   0.0127011;     1.32537;    0.428962;    -89.7514;     noimage; 
    1.29913;   0.0349854;     1.40259;   0.0181555;     1.29789;    0.446763;    -89.9407;     noimage; 
      1.399;   0.0399833;     1.41307;   0.0188103;     1.20761;    0.324391;    -88.4857;       1.399; 
    1.49888;   0.0449813;     1.61255;   0.0296956;     1.15776;    0.402181;    -88.7947;     noimage; 
    1.59875;   0.0499792;      1.7131;    0.035181;     1.13203;    0.418973;    -88.6515;     noimage; 
    1.69863;   0.0549771;     1.81266;   0.0406056;     1.10678;    0.436985;    -88.7676;     noimage; 
     1.7985;    0.059975;     1.81627;   0.0378513;      1.0362;    0.301386;    -88.1188;      1.7985; 
    1.89838;   0.0649729;     2.01616;   0.0489543;    0.989041;    0.382101;    -87.9219;     noimage; 
    1.99825;   0.0699708;     2.11697;    0.054505;    0.965413;    0.404777;     -87.854;     noimage; 
    2.09813;   0.0749688;     2.21711;   0.0600399;    0.941821;    0.421851;    -87.8696;     noimage; 
      2.198;   0.0799667;     2.31674;    0.065511;    0.919022;    0.442058;    -88.1805;     noimage; 
     2.2975;     0.08995;     2.31639; -0.00658786;     1.06354;    0.421185;     85.1569;      2.2975; 
    2.39638;    0.104894;     2.51495;   0.0199377;     1.00745;    0.475744;      83.263;     noimage; 
    2.49438;    0.124761;     2.61326;   0.0430079;    0.978841;     0.49011;      82.115;     noimage; 
    2.59128;    0.149501;     2.70917;   0.0708583;    0.949892;     0.49961;     80.8246;     noimage; 
    2.68681;    0.179053;     2.71704;    0.134816;    0.797556;    0.282283;    -69.0932;     2.68681; 
    2.78075;    0.213343;     2.90203;    0.204735;    0.771216;    0.375686;     -68.711;     noimage; 
    2.87468;    0.247633;     2.99474;     0.24452;    0.763915;    0.392769;    -69.0782;     noimage; 
    2.96862;    0.281923;     3.08584;    0.284082;    0.748104;    0.409601;    -68.9515;     noimage; 
    3.06256;    0.316212;     3.17682;    0.323567;    0.735618;    0.424641;    -69.0216;     noimage; 
    3.15466;    0.355154;     3.26648;    0.367879;    0.727818;    0.440534;    -69.3819;     noimage; 
    3.24471;    0.398651;     3.28171;    0.264865;    0.592446;    0.436203;    -77.1518;     3.24471; 
    3.33247;    0.446593;      3.4494;    0.369232;    0.603995;    0.476849;     88.6075;     noimage; 
    3.41772;    0.498862;     3.52997;    0.430115;    0.589345;    0.477568;     81.9069;     noimage; 
    3.50025;    0.555326;      3.6064;    0.494949;    0.567857;    0.474538;     74.3363;     noimage; 
    3.57986;    0.615845;     3.67966;     0.56373;    0.542842;    0.467147;     68.4811;     noimage; 
    3.65635;    0.680267;      3.7047;    0.637029;    0.318399;    0.318154;    -45.5521;     3.65635; 
    3.72952;     0.74843;     3.84758;    0.775929;    0.406467;    0.406111;    -45.8764;     noimage; 
    3.79919;    0.820166;      3.9135;    0.852164;    0.424897;    0.424156;    -46.3745;     noimage; 
    3.86518;    0.895294;     3.97492;    0.932332;    0.441911;    0.440189;    -47.2832;     noimage; 
    3.92735;    0.973627;     4.03148;      1.0143;     0.45775;    0.453266;    -49.0094;     noimage; 
    3.98551;     1.05497;     4.02737;     1.04404;     0.39341;    0.330214;    -34.1091;     3.98551; 
    4.03954;     1.13912;     4.13259;     1.21363;    0.447746;    0.408691;    -33.9284;     noimage; 
     4.0893;     1.22586;     4.17873;     1.30366;    0.448859;    0.422611;     -35.292;     noimage; 
    4.13466;     1.31498;     4.21883;     1.39563;     0.45548;    0.440455;     -36.968;     noimage; 
    4.17551;     1.40625;      4.2538;     1.48822;     0.45792;    0.454529;    -40.9019;     noimage; 
    4.21174;     1.49946;     4.25254;     1.50023;    0.373328;    0.308107;    -32.6712;     4.21174; 
    4.24328;     1.59436;     4.31229;     1.69154;    0.391006;    0.382354;     -39.442;     noimage; 
    4.27003;     1.69071;     4.33485;     1.79022;     0.39683;    0.396165;    -43.3583;     noimage; 
    4.29193;     1.78829;     4.35071;     1.88902;    0.406083;    0.404436;    -47.7253;     noimage; 
    4.30892;     1.88683;     4.36159;     1.98808;     0.41704;    0.406391;    -52.1419;     noimage; 
    4.32097;      1.9861;     4.36155;     1.98793;    0.417017;    0.406371;    -52.1404;     4.32097; 
    4.32805;     2.08585;     4.37191;     2.18719;    0.506236;     0.42244;    -67.1737;     noimage; 
    4.33013;     2.18583;     4.36968;     2.28801;    0.537226;    0.421351;    -71.2979;     noimage; 
    4.32721;     2.28579;     4.36072;     2.38811;    0.558213;    0.418669;    -73.7792;     noimage; 
     4.3193;     2.38547;     4.34691;     2.48643;    0.577457;    0.416618;     -75.675;     noimage; 
     4.3193;     2.38547;      4.3469;     2.48647;    0.577462;    0.416618;    -75.6758;     noimage; 
     4.3193;     2.38547;     4.34691;     2.48627;    0.577436;    0.416611;    -75.6719;      4.3193; 
     4.3193;     2.38547;     4.34516;     2.48547;    0.577374;    0.416457;    -75.6655;     noimage; 
     4.3193;     2.38547;      4.3469;     2.48647;    0.577462;    0.416618;    -75.6757;     noimage; 
     4.3193;     2.38547;      4.3469;     2.48647;    0.577462;    0.416618;    -75.6758;     noimage; 
     4.3193;     2.38547;      4.3469;     2.48647;    0.577462;    0.416618;    -75.6758;     noimage; 
    4.27768;      2.4764;     4.29979;      2.5749;    0.588092;     0.41676;    -76.1092;     noimage; 
    4.23157;     2.56514;     4.27917;     2.59993;    0.399553;    0.378974;    -61.3434;     4.23157; 
    4.18109;     2.65146;     4.17587;      2.7699;    0.396177;    0.369814;    -57.1163;     noimage; 
    4.12635;     2.73515;     4.11793;     2.85172;    0.388079;    0.366426;    -55.0861;     noimage; 
     4.0675;       2.816;     4.05482;     2.92884;    0.379411;    0.363829;     -53.118;     noimage; 
    4.00469;     2.89381;     3.98804;     3.00259;    0.373424;    0.361734;       -51.6;     noimage; 
    3.93806;     2.96838;     3.96627;     3.01908;    0.354405;    0.316826;    -74.3379;     3.93806; 
    3.86779;     3.03953;     3.82355;     3.15769;    0.323253;     0.31555;     -51.862;     noimage; 
    3.79405;     3.10707;      3.7473;     3.22189;    0.315816;    0.311045;    -49.8651;     noimage; 
    3.71702;     3.17085;      3.6666;      3.2808;    0.309626;    0.308572;    -47.1012;     noimage; 
    3.63691;      3.2307;     3.66683;     3.28699;    0.304321;    0.299849;    -55.7097;     3.63691; 
     3.5568;     3.29054;     3.50423;     3.40229;    0.293256;    0.291302;    -41.4643;     noimage; 
    3.47668;     3.35039;     3.49327;     3.40249;    0.279418;    0.273908;    -54.8946;     3.47668; 
    3.39657;     3.41024;     3.33038;     3.51932;    0.271243;    0.267422;    -40.5505;     noimage; 
    3.31645;     3.47008;     3.25072;     3.58001;    0.268452;    0.262613;    -39.9824;     noimage; 
    3.23634;     3.52993;     3.24313;     3.57913;    0.253456;    0.253132;    -46.7883;     3.23634; 
    3.15622;     3.58978;     3.07932;     3.69701;    0.253983;    0.245774;    -39.2402;     noimage; 
    3.07611;     3.64963;     3.00059;      3.7572;    0.254519;    0.241675;    -38.3954;     noimage; 
      2.996;     3.70947;     2.99792;     3.75534;    0.236247;    0.234536;    -41.1367;       2.996; 
    2.91588;     3.76932;     2.83606;       3.872;    0.241933;    0.226259;    -37.4824;     noimage; 
    2.83577;     3.82917;     2.75728;     3.93232;    0.243131;    0.222358;    -36.9403;     noimage; 
    2.75565;     3.88901;     2.67661;     3.99165;    0.243634;    0.218105;    -36.6044;     noimage; 
    2.67554;     3.94886;     2.67714;     3.99018;    0.220776;    0.216078;    -38.8455;     2.67554; 
    2.59542;     4.00871;     2.51528;     4.10693;    0.227154;    0.207698;    -36.6914;     noimage; 
    2.51531;     4.06856;     2.43619;     4.16752;    0.226732;    0.203914;    -36.6645;     noimage; 
    2.43519;      4.1284;     2.35544;     4.22695;    0.227074;    0.199778;    -36.5548;     noimage; 
    2.35508;     4.18825;     2.35325;     4.22714;    0.202619;    0.196322;    -38.0378;     2.35508; 
    2.27497;      4.2481;     2.19165;      4.3438;    0.212912;    0.188191;    -36.1729;     noimage; 
    2.19485;     4.30794;     2.11187;     4.40495;    0.213214;    0.184718;    -36.1166;     noimage; 
    2.11185;     4.36371;     2.02827;     4.46029;    0.213828;    0.181157;    -35.9763;     noimage; 
    2.02616;     4.41526;       1.942;      4.5114;    0.219698;    0.178357;    -35.3246;     noimage; 
    1.94047;     4.46681;     1.94269;      4.5066;    0.193084;    0.168806;    -34.5188;     1.94047; 
    1.85478;     4.51836;     1.77147;     4.60571;    0.217649;    0.162273;     -32.716;     noimage; 
    1.76909;     4.56991;     1.68618;     4.65846;     0.22496;    0.159551;    -32.2835;     noimage; 
     1.6834;     4.62146;     1.59971;     4.70968;    0.230734;    0.156412;    -31.9764;     noimage; 
    1.59524;     4.66867;     1.59981;     4.70962;    0.230762;    0.156413;    -31.9732;     1.59524; 
    1.50484;     4.71141;     1.42281;     4.80062;     0.26907;    0.153222;    -30.4104;     noimage; 
    1.41241;     4.74957;     1.33122;     4.83982;     0.28501;    0.154943;    -29.6675;     noimage; 
    1.31998;     4.78774;     1.23839;      4.8774;    0.298155;    0.157398;    -29.0364;     noimage; 
    1.22755;      4.8259;     1.23765;     4.87188;     0.18162;     0.13764;    -33.1832;     1.22755; 
    1.13512;     4.86407;     1.05004;     4.94525;    0.250781;    0.137217;    -27.8486;     noimage; 
    1.04269;     4.90224;    0.957378;      4.9847;    0.266975;    0.135587;    -26.9982;     noimage; 
   0.950255;      4.9404;     0.86443;     5.02211;    0.283811;     0.13332;     -26.249;     noimage; 
   0.857825;     4.97857;    0.864981;     5.01597;     0.20249;    0.118356;    -26.7803;    0.857825; 
   0.765395;     5.01673;    0.678588;     5.08923;    0.266012;    0.113276;    -24.7213;     noimage; 
   0.672964;      5.0549;    0.586638;     5.12858;    0.280333;    0.111553;    -24.3102;     noimage; 
   0.580534;     5.09307;    0.493592;     5.16622;      0.2917;    0.109096;    -24.0276;     noimage; 
   0.488104;     5.13123;    0.493704;     5.16618;    0.291726;    0.109099;    -24.0246;    0.488104; 
   0.393882;     5.16473;    0.307941;     5.23924;    0.338498;    0.106834;    -23.3048;     noimage; 
   0.298103;     5.19348;    0.212478;      5.2693;     0.35654;    0.109435;    -22.8094;     noimage; 
   0.201007;      5.2174;    0.115295;     5.29252;    0.372538;    0.114156;    -22.2286;     noimage; 
   0.103911;     5.24133;    0.107506;     5.29199;    0.211425;   0.0961877;     -23.206;    0.103911; 
 0.00681557;     5.26525;  -0.0876507;      5.3358;    0.297992;   0.0959095;    -18.8697;     noimage; 
 -0.0902802;     5.28918;    -0.18567;     5.36099;    0.317106;   0.0952486;    -18.2571;     noimage; 
  -0.187376;      5.3131;   -0.283441;     5.38399;    0.337042;   0.0939052;    -17.6661;     noimage; 
  -0.284472;     5.33703;   -0.380692;      5.4069;    0.359082;   0.0926453;    -17.0652;     noimage; 
  -0.382642;     5.35607;   -0.380536;     5.40687;    0.359105;   0.0926537;    -17.0614;   -0.382642; 
  -0.481641;     5.37018;   -0.576499;     5.44071;     0.43082;   0.0966255;    -15.2824;     noimage; 
  -0.581222;     5.37933;   -0.676246;     5.45104;    0.446504;    0.103481;    -14.6381;     noimage; 
  -0.680803;     5.38848;   -0.776124;      5.4592;    0.463887;    0.111001;    -13.9732;     noimage; 
  -0.780384;     5.39762;   -0.876161;     5.46739;      0.4811;    0.118344;    -13.4996;     noimage; 
  -0.879965;     5.40677;   -0.893168;     5.46803;    0.298202;    0.088273;    -13.7912;   -0.879965; 
  -0.979546;     5.41591;    -1.09313;     5.48153;    0.388725;   0.0902628;    -10.2862;     noimage; 
   -1.07913;     5.42506;    -1.19325;     5.49152;    0.406532;   0.0910614;    -9.74058;     noimage; 
   -1.17871;     5.43421;    -1.29295;     5.49933;    0.420476;   0.0912668;    -9.23192;     noimage; 
   -1.27829;     5.44335;    -1.39291;     5.50715;    0.435831;   0.0914961;    -8.74308;     noimage; 
   -1.37787;      5.4525;    -1.29899;     5.48786;    0.167287;   0.0774187;    -11.8919;    -1.37787; 
   -1.47745;     5.46165;    -1.49758;     5.50177;    0.292877;   0.0752536;    -6.27816;     noimage; 
   -1.57703;     5.47079;    -1.59751;     5.51202;    0.317325;   0.0751247;    -6.04059;     noimage; 
   -1.67694;     5.47495;    -1.69764;     5.51508;    0.341561;   0.0751257;    -5.49821;     noimage; 
   -1.77694;     5.47411;    -1.79702;     5.51316;    0.360207;   0.0770316;    -4.71261;     noimage; 
   -1.87694;     5.47327;    -1.89663;     5.51122;    0.377793;   0.0799053;    -4.01041;     noimage; 
   -1.97693;     5.47243;    -1.89643;     5.51121;     0.37779;    0.079909;    -4.00409;    -1.97693; 
   -2.07693;     5.47159;    -2.09506;     5.50515;    0.451404;   0.0861376;    -2.63388;     noimage; 
   -2.17693;     5.47075;    -2.19622;      5.5054;    0.467837;   0.0915963;    -2.35855;     noimage; 
   -2.27692;     5.46991;    -2.29618;     5.50344;    0.484582;   0.0966277;    -2.10309;     noimage; 
   -2.37692;     5.46907;    -2.39616;     5.50149;     0.49849;       0.102;    -1.93065;     noimage; 
   -2.47692;     5.46823;    -2.49641;     5.49955;    0.509249;    0.107844;    -1.79188;     noimage; 
   -2.57691;     5.46739;    -2.49621;     5.49955;    0.509239;    0.107852;    -1.78836;    -2.57691; 
   -2.67691;     5.46654;    -2.69608;     5.49345;    0.564398;    0.120426;    -1.25691;     noimage; 
   -2.77691;      5.4657;    -2.79681;     5.49371;    0.579377;    0.128027;    -1.13973;     noimage; 
    -2.8769;     5.46486;    -2.89686;     5.49177;    0.587698;    0.134907;     -1.0836;     noimage; 
   -2.97673;     5.45903;     -2.9967;     5.48485;    0.597016;    0.142963;   -0.873311;     noimage; 
   -3.07614;     5.44821;    -3.09561;     5.47298;    0.609872;    0.152507;   -0.456595;     noimage; 
   -3.17489;     5.43243;    -3.09541;     5.47299;    0.609859;     0.15251;   -0.454054;    -3.17489; 
   -3.27273;     5.41174;    -3.29196;      5.4371;    0.653853;    0.175686;    0.926387;     noimage; 
   -3.36941;     5.38619;    -3.38966;     5.41268;    0.668832;    0.189553;     1.47415;     noimage; 
   -3.46469;     5.35583;    -3.48413;      5.3815;    0.681309;    0.203024;     1.89496;     noimage; 
   -3.55997;     5.32548;    -3.57888;     5.35021;    0.688083;    0.217376;      2.1373;     noimage; 
   -3.65525;     5.29512;     -3.6737;     5.31888;    0.702625;    0.231865;     2.53515;     noimage; 
   -3.75054;     5.26477;    -3.67351;     5.31893;    0.702609;    0.231879;     2.53693;    -3.75054; 
   -3.84582;     5.23442;    -3.86251;     5.25386;    0.734637;    0.266887;     3.95754;     noimage; 
    -3.9411;     5.20406;      -3.959;     5.22461;    0.742479;    0.282246;     4.04698;     noimage; 
   -4.03638;     5.17371;    -4.05372;     5.19332;    0.748693;    0.298301;     4.19272;     noimage; 
   -4.13166;     5.14335;    -4.14792;     5.16222;    0.753876;    0.314553;     4.32211;     noimage; 
   -4.22531;     5.10828;    -4.14777;     5.16227;    0.753862;    0.314563;     4.32336;    -4.22531; 
   -4.31708;     5.06856;    -4.33301;     5.08782;    0.788457;     0.35246;     5.75831;     noimage; 
   -4.40676;     5.02431;    -4.42352;     5.04478;    0.795191;     0.36946;     5.69397;     noimage; 
   -4.49411;     4.97563;    -4.51101;      4.9947;     0.80687;    0.388183;     5.98392;     noimage; 
   -4.58146;     4.92695;    -4.59763;      4.9451;    0.813349;    0.408168;     6.12213;     noimage; 
   -4.66882;     4.87827;    -4.68433;     4.89547;    0.821729;    0.426921;     6.09562;     noimage; 
   -4.75617;     4.82959;    -4.68415;     4.89556;    0.821712;    0.426934;     6.09686;    -4.75617; 
   -4.84352;     4.78092;    -4.85503;     4.79471;    0.849466;    0.470425;     7.34971;     noimage; 
   -4.93087;     4.73224;    -4.94346;      4.7471;    0.855784;     0.49072;     7.16678;     noimage; 
   -5.01822;     4.68356;    -5.03055;     4.69723;    0.865883;    0.510035;     6.97912;     noimage; 
   -5.10303;     4.63057;    -5.11451;     4.64338;    0.876824;    0.531023;     7.05977;     noimage; 
   -5.18509;     4.57342;     -5.1964;     4.58489;    0.887978;    0.552365;     7.06761;     noimage; 
   -5.26419;     4.51223;    -5.19623;     4.58499;    0.887962;    0.552376;     7.06864;    -5.26419; 
   -5.34013;     4.44717;     -5.3506;     4.45896;    0.915023;    0.603998;     8.55759;     noimage; 
   -5.41272;     4.37839;    -5.42435;     4.39125;    0.925705;    0.625114;     7.96406;     noimage; 
   -5.48179;     4.30607;    -5.49194;     4.31879;    0.937703;    0.645634;     7.44031;     noimage; 
   -5.54715;     4.23039;    -5.55652;     4.24217;    0.949715;    0.668869;     7.09183;     noimage; 
   -5.60865;     4.15154;     -5.6173;     4.16233;    0.961993;    0.686248;     5.57903;     noimage; 
   -5.66613;     4.06971;    -5.61716;     4.16246;    0.961981;    0.686261;     5.57933;    -5.66613; 
   -5.71945;     3.98512;    -5.72835;     3.99537;    0.989947;    0.739788;     5.18277;     noimage; 
   -5.76848;     3.89796;    -5.77859;      3.9094;      1.0047;    0.759907;      3.9629;     noimage; 
   -5.81309;     3.80846;    -5.82207;     3.81965;     1.01913;    0.777612;      2.4558;     noimage; 
   -5.85317;     3.71684;    -5.86099;     3.72787;     1.03339;     0.79531;    0.773435;     noimage; 
   -5.88862;     3.62334;    -5.89546;     3.63372;     1.04557;    0.808317;    -1.76074;     noimage; 
   -5.91935;     3.52818;    -5.89536;     3.63389;     1.04556;    0.808329;    -1.76203;    -5.91935; 
   -5.94529;      3.4316;    -5.95254;     3.44057;     1.06698;    0.854235;    -6.39133;     noimage; 
   -5.97123;     3.33502;    -5.97983;     3.34503;     1.08086;    0.865695;    -7.73586;     noimage; 
   -5.99231;     3.23727;    -5.99976;     3.24752;     1.09002;    0.874478;    -9.84857;     noimage; 
   -6.00848;     3.13859;    -6.01476;     3.14917;     1.09925;    0.885345;    -11.6796;     noimage; 
   -6.01969;     3.03922;     -6.0249;     3.04972;     1.10664;    0.887974;    -13.4804;     noimage; 
   -6.02593;     2.93941;    -6.02485;     3.04992;     1.10662;     0.88798;    -13.4824;    -6.02593; 
   -6.02717;     2.83942;     -6.0327;     2.84886;     1.12382;    0.919389;    -16.9612;     noimage; 
   -6.02341;     2.73949;    -6.03031;     2.75022;     1.13942;    0.920565;    -17.1459;     noimage; 
   -6.01466;     2.63987;    -6.02044;     2.65081;     1.15469;    0.925012;    -17.5503;     noimage; 
   -6.00094;     2.54082;    -6.00583;     2.55315;     1.17549;    0.924565;    -17.1022;     noimage; 
   -5.98722;     2.44176;    -5.99112;     2.45461;     1.19635;    0.925632;    -16.8035;     noimage; 
    -5.9735;     2.34271;    -5.78416;     2.40785;     1.15893;    0.899138;    -9.45573;     -5.9735; 
   -5.95978;     2.24365;    -5.73679;     2.21235;     1.17978;    0.918301;     -11.955;     noimage; 
   -5.94607;      2.1446;     -5.7166;     2.11603;     1.19317;     0.92282;    -12.4348;     noimage; 
   -5.92742;     2.04635;    -5.68915;     2.01977;     1.20777;    0.924601;    -12.7084;     noimage; 
   -5.90388;     1.94916;    -5.65697;     1.92508;      1.2227;    0.930638;    -13.0839;     noimage; 
   -5.87551;     1.85327;    -5.62036;     1.83293;     1.23928;    0.938096;    -13.0036;     noimage; 
   -5.84239;     1.75892;    -5.75103;     1.83161;     1.16536;    0.799403;    -8.61426;    -5.84239; 
   -5.80459;     1.66634;    -5.67478;     1.64451;     1.16939;    0.816865;    -11.1037;     noimage; 
   -5.76221;     1.57576;     -5.6307;     1.55573;     1.17307;    0.819701;    -11.8518;     noimage; 
   -5.71984;     1.48518;    -5.58493;     1.46743;     1.17855;    0.821373;    -12.1258;     noimage; 
   -5.67746;     1.39461;    -5.63785;     1.47193;    0.936231;    0.687889;    -24.7084;    -5.67746; 
   -5.63508;     1.30403;     -5.5532;      1.2904;    0.931665;    0.695156;    -25.7263;     noimage; 
    -5.5927;     1.21345;    -5.51409;     1.20011;    0.932396;     0.69357;    -25.9197;     noimage; 
   -5.55032;     1.12288;    -5.47277;     1.10939;    0.933918;    0.693452;    -26.0717;     noimage; 
   -5.50795;      1.0323;    -5.45884;     1.08378;    0.793857;    0.614014;    -24.8531;    -5.50795; 
   -5.46557;    0.941722;    -5.37362;    0.900302;    0.765994;    0.626576;    -28.4134;     noimage; 
   -5.42319;    0.851145;    -5.33457;    0.809818;    0.759749;    0.624784;    -29.0414;     noimage; 
   -5.38081;    0.760568;    -5.29335;    0.718914;    0.754762;    0.623638;    -29.5349;     noimage; 
   -5.33396;    0.672223;    -5.28559;    0.696757;    0.667451;    0.606507;    -21.4402;    -5.33396; 
   -5.28711;    0.583878;    -5.19058;    0.517891;    0.634093;     0.61109;    -33.2374;     noimage; 
   -5.24026;    0.495532;    -5.14656;    0.429509;    0.624655;    0.608593;    -35.7032;     noimage; 
   -5.19341;    0.407187;    -5.10023;    0.340401;    0.617674;    0.603554;    -36.6211;     noimage; 
   -5.14656;    0.318841;    -5.10068;    0.333548;    0.602008;    0.572453;    -9.49423;    -5.14656; 
    -5.0997;    0.230496;    -5.00631;    0.156527;    0.575662;    0.575661;    -45.0933;     noimage; 
   -5.05285;     0.14215;    -4.96231;   0.0684512;    0.571693;    0.570553;     -48.298;     noimage; 
     -5.006;   0.0538048;    -4.91586;  -0.0205572;    0.567698;    0.564642;    -49.8567;     noimage; 
   -4.95479;  -0.0320887;    -4.92903; -0.000850484;    0.537396;    0.527618;    -52.2605;    -4.95479; 
   -4.89935;   -0.115315;     -4.8253;   -0.173024;    0.537144;    0.517803;    -53.6882;     noimage; 
   -4.83983;   -0.195667;    -4.76766;   -0.254153;    0.534685;    0.513381;    -53.7048;     noimage; 
   -4.77636;   -0.272944;    -4.70436;   -0.331818;     0.53257;    0.509668;    -53.6809;     noimage; 
   -4.70911;   -0.346952;    -4.71936;   -0.309469;    0.459298;    0.459156;    -46.0911;    -4.70911; 
   -4.63824;   -0.417506;    -4.57645;   -0.451526;    0.449191;     0.44902;    -45.8649;     noimage; 
   -4.56393;    -0.48443;    -4.57501;   -0.461162;    0.355358;    0.350746;    -41.0412;    -4.56393; 
   -4.48963;   -0.551354;    -4.42492;   -0.593574;     0.34971;    0.343712;    -41.1462;     noimage; 
   -4.41207;    -0.61448;      -4.421;   -0.607579;    0.336171;    0.317979;    -37.0931;    -4.41207; 
   -4.33452;   -0.677607;    -4.26491;   -0.732965;    0.331235;    0.310568;    -37.9473;     noimage; 
   -4.25696;   -0.740734;    -4.18952;   -0.796016;    0.327177;    0.307007;    -38.3007;     noimage; 
    -4.1794;    -0.80386;    -4.18524;    -0.80354;    0.311294;    0.304781;    -40.0317;     -4.1794; 
   -4.10185;   -0.866987;    -4.02917;   -0.928829;    0.310644;    0.297791;    -39.2847;     noimage; 
   -4.02429;   -0.930114;    -3.95332;    -0.99222;    0.308735;    0.294367;    -39.1635;     noimage; 
   -3.94673;    -0.99324;    -3.94973;   -0.998324;    0.292582;    0.290746;    -42.2979;    -3.94673; 
   -3.86918;    -1.05637;    -3.79174;     -1.1251;    0.289984;    0.284178;    -41.0041;     noimage; 
   -3.79162;    -1.11949;    -3.71606;    -1.18831;    0.287266;     0.28089;    -41.0122;     noimage; 
   -3.71406;    -1.18262;    -3.71289;    -1.19283;    0.278089;    0.277737;    -43.8497;    -3.71406; 
   -3.63651;    -1.24575;    -3.55587;    -1.31876;    0.273697;    0.271432;    -42.5861;     noimage; 
   -3.55895;    -1.30887;    -3.48014;    -1.38199;    0.271743;    0.268382;    -42.2408;     noimage; 
   -3.48139;      -1.372;    -3.47752;    -1.38585;    0.265894;    0.264849;    -43.1022;    -3.48139; 
   -3.40384;    -1.43513;    -3.32025;    -1.51194;    0.265077;    0.259052;    -41.2159;     noimage; 
   -3.32628;    -1.49825;    -3.24373;     -1.5758;    0.265556;    0.256186;    -40.5455;     noimage; 
   -3.24872;    -1.56138;    -3.24087;    -1.57953;    0.258999;    0.253718;    -40.8607;    -3.24872; 
   -3.17117;    -1.62451;    -3.08425;    -1.70502;    0.258415;    0.248099;    -40.2245;     noimage; 
   -3.09055;    -1.68368;     -3.0051;    -1.76453;    0.259469;    0.245847;    -39.7421;     noimage; 
   -3.00708;    -1.73875;    -3.00101;    -1.76785;    0.251714;    0.243019;    -40.0794;    -3.00708; 
   -2.92361;    -1.79382;    -2.83159;    -1.87753;    0.257352;    0.236882;     -38.534;     noimage; 
   -2.84014;    -1.84888;    -2.74919;    -1.93308;     0.25678;    0.233427;     -38.429;     noimage; 
   -2.75667;    -1.90395;    -2.74692;    -1.93528;    0.239024;    0.228712;    -39.9652;    -2.75667; 
    -2.6732;    -1.95902;     -2.5794;    -2.04369;    0.248106;    0.223301;    -38.2941;     noimage; 
   -2.58972;    -2.01409;    -2.49731;    -2.09904;    0.250453;    0.220686;    -37.8717;     noimage; 
   -2.50625;    -2.06916;    -2.49483;    -2.10064;    0.232648;    0.218352;    -39.0648;    -2.50625; 
   -2.42278;    -2.12423;    -2.32682;    -2.20936;    0.241832;    0.212869;    -37.6945;     noimage; 
   -2.33931;     -2.1793;    -2.24357;    -2.26548;    0.245747;    0.210496;    -37.1288;     noimage; 
   -2.25584;    -2.23436;    -2.24171;    -2.26652;    0.231026;    0.208266;    -37.4453;    -2.25584; 
   -2.17237;    -2.28943;    -2.07358;    -2.37533;    0.245922;    0.202738;    -36.2286;     noimage; 
    -2.0889;     -2.3445;    -1.99069;    -2.43121;    0.249519;    0.200121;    -35.9217;     noimage; 
   -2.00543;    -2.39957;    -1.98837;     -2.4329;    0.224416;    0.196386;     -36.779;    -2.00543; 
   -1.92195;    -2.45464;    -1.82132;      -2.541;    0.241107;    0.191071;    -35.6558;     noimage; 
   -1.83848;    -2.50971;    -1.73828;    -2.59697;    0.245345;    0.188549;    -35.3652;     noimage; 
   -1.75501;    -2.56478;    -1.73751;    -2.59695;    0.218547;    0.186206;    -35.9053;    -1.75501; 
   -1.67154;    -2.61984;    -1.56947;     -2.7057;    0.235734;    0.180811;    -35.0231;     noimage; 
   -1.58807;    -2.67491;    -1.48644;    -2.76167;    0.237465;    0.178195;    -34.9892;     noimage; 
    -1.5046;    -2.72998;    -1.48591;    -2.76193;    0.215698;    0.178072;    -35.1615;     -1.5046; 
   -1.42113;    -2.78505;    -1.31909;    -2.86987;    0.229655;    0.173192;    -34.6952;     noimage; 
   -1.33501;    -2.83588;    -1.23387;     -2.9213;    0.234275;    0.171367;    -34.4481;     noimage; 
   -1.24646;    -2.88234;    -1.20444;    -2.92257;    0.363623;    0.189804;    -22.0515;    -1.24646; 
   -1.15569;    -2.92431;    -1.02615;    -3.01084;    0.406468;     0.19899;    -21.3311;     noimage; 
   -1.06493;    -2.96629;   -0.935114;    -3.05244;    0.421325;    0.205215;    -20.8754;     noimage; 
  -0.974165;    -3.00827;   -0.843422;    -3.09295;    0.436591;     0.21188;     -20.213;     noimage; 
  -0.883402;    -3.05024;   -0.873542;    -3.09314;    0.231912;    0.171022;     -32.168;   -0.883402; 
  -0.792639;    -3.09222;    -0.69064;    -3.17511;    0.274009;    0.167638;    -29.7373;     noimage; 
  -0.701875;     -3.1342;   -0.599917;    -3.21785;      0.2852;    0.165484;    -29.2875;     noimage; 
  -0.611112;    -3.17617;   -0.508683;    -3.25942;    0.294478;    0.163052;    -28.9674;     noimage; 
  -0.520349;    -3.21815;   -0.508324;    -3.25969;    0.238465;    0.162082;    -29.8143;   -0.520349; 
  -0.429585;    -3.26013;   -0.327083;    -3.34093;    0.276933;    0.156884;    -28.5072;     noimage; 
  -0.338822;     -3.3021;    -0.23645;    -3.38366;    0.285213;    0.154288;    -28.3521;     noimage; 
  -0.248059;    -3.34408;   -0.145365;     -3.4252;    0.294918;    0.151572;    -28.1592;     noimage; 
  -0.157295;    -3.38605;   -0.151527;    -3.42052;    0.293123;     0.15208;    -30.1445;   -0.157295; 
 -0.0645475;    -3.42344;    0.031598;     -3.5025;    0.329688;    0.150778;    -28.9269;     noimage; 
   0.029953;    -3.45615;    0.125835;    -3.53588;    0.344987;    0.153113;    -28.3569;     noimage; 
    0.12597;    -3.48409;    0.221586;     -3.5631;    0.363316;    0.157098;    -27.6764;     noimage; 
   0.223264;     -3.5072;    0.236452;    -3.55002;    0.304949;    0.158779;    -25.4787;    0.223264; 
    0.32159;    -3.52541;    0.433381;    -3.58449;    0.384033;    0.167119;    -21.5139;     noimage; 
   0.420705;    -3.53869;    0.532372;    -3.59389;    0.401083;    0.172098;    -20.5916;     noimage; 
   0.520359;      -3.547;    0.632664;    -3.59695;    0.428227;    0.180146;    -19.2183;     noimage; 
   0.620304;    -3.55032;    0.732795;    -3.59499;    0.450095;    0.189002;    -18.1247;     noimage; 
    0.72029;    -3.54864;    0.732636;    -3.59497;    0.450105;    0.189009;    -18.1232;     0.72029; 
   0.820067;    -3.54196;    0.932115;    -3.57959;    0.515376;    0.220454;     -14.593;     noimage; 
   0.919385;    -3.53031;     1.03196;    -3.56396;    0.532073;    0.234959;    -13.7021;     noimage; 
      1.018;     -3.5137;     1.12995;    -3.54207;    0.549056;    0.249665;    -12.9418;     noimage; 
    1.11566;    -3.49219;     1.22603;    -3.51551;    0.558394;    0.265445;    -12.5914;     noimage; 
    1.11566;    -3.49219;     1.22607;     -3.5155;    0.558393;    0.265442;    -12.5917;     noimage; 
    1.11566;    -3.49219;     1.18634;    -3.50518;     0.42097;    0.191981;    -8.50847;     1.11566; 
    1.11566;    -3.49219;     1.18604;    -3.50374;    0.420986;    0.191802;    -8.49916;     noimage; 
    1.11566;    -3.49219;     1.18652;    -3.50514;    0.420968;    0.191965;    -8.51112;     noimage; 
    1.11566;    -3.49219;     1.18652;    -3.50514;    0.420968;    0.191965;    -8.51113;     noimage; 
     1.2026;    -3.44278;     1.27095;    -3.45041;     0.44059;    0.202598;    -5.05168;     noimage; 
    1.28696;    -3.38908;     1.29798;    -3.44719;    0.317011;    0.183258;    -12.2778;     1.28696; 
    1.36853;    -3.33124;     1.46051;    -3.32817;    0.380704;    0.228161;     8.11209;     noimage; 
    1.44711;    -3.26939;     1.53595;     -3.2632;    0.380345;    0.234471;     12.2088;     noimage; 
     1.5225;    -3.20369;     1.55049;    -3.27099;     0.29786;    0.201179;     1.65055;      1.5225; 
    1.59789;    -3.13799;     1.69948;    -3.13527;    0.288007;    0.224629;     25.2703;     noimage; 
    1.67328;     -3.0723;     1.77465;     -3.0696;     0.28058;    0.224235;     28.1228;     noimage; 
    1.74867;     -3.0066;     1.77185;    -3.04114;    0.339336;    0.283991;     4.89639;     1.74867; 
    1.82068;    -2.93721;     1.91548;    -2.90116;    0.320696;    0.297147;     31.6405;     noimage; 
    1.88914;    -2.86432;     1.98073;     -2.8265;    0.315148;    0.297798;     34.5022;     noimage; 
    1.95759;    -2.79142;      2.0074;    -2.83137;    0.251463;    0.242632;     36.8308;     1.95759; 
    2.02605;    -2.71852;     2.14119;    -2.68329;    0.239996;    0.237491;     42.2115;     noimage; 
     2.0945;    -2.64562;     2.20929;    -2.61095;    0.236386;    0.235006;     43.0445;     noimage; 
    2.16296;    -2.57273;     2.21682;     -2.5991;    0.221372;    0.219483;     42.2814;     2.16296; 
    2.23141;    -2.49983;     2.35234;    -2.44996;    0.213127;     0.21294;      44.341;     noimage; 
    2.29614;     -2.4236;     2.35323;      -2.451;    0.213282;    0.213097;     44.3427;     2.29614; 
    2.35697;    -2.34424;     2.48072;    -2.29568;    0.209606;    0.208449;     46.3718;     noimage; 
    2.41781;    -2.26487;     2.54194;    -2.21638;    0.208578;    0.206544;     46.7532;     noimage; 
    2.47864;     -2.1855;     2.54389;    -2.21366;    0.196458;    0.196346;     44.3924;     2.47864; 
    2.53948;    -2.10614;     2.66282;    -2.05254;    0.195128;    0.191534;     47.7117;     noimage; 
    2.60031;    -2.02677;     2.72353;    -1.97368;    0.195187;    0.188953;     48.3841;     noimage; 
    2.66115;     -1.9474;     2.72339;    -1.97382;    0.195121;    0.189048;     48.3314;     2.66115; 
    2.71794;     -1.8651;     2.84214;    -1.81295;    0.199126;    0.183595;     49.5751;     noimage; 
    2.77473;    -1.78279;     2.89919;    -1.73064;    0.201316;    0.181706;     50.0221;     noimage; 
    2.83152;    -1.70048;     2.90233;    -1.72545;     0.18279;     0.17863;     48.6128;     2.83152; 
    2.88832;    -1.61817;      3.0123;    -1.55927;    0.194042;    0.173684;     51.4336;     noimage; 
    2.94511;    -1.53586;     3.06924;     -1.4769;    0.196168;    0.170834;     51.7822;     noimage; 
     3.0019;    -1.45355;      3.0701;    -1.47316;     0.17754;    0.171904;     49.2101;      3.0019; 
    3.05869;    -1.37125;     3.18069;    -1.30645;    0.194689;    0.167525;     52.4023;     noimage; 
    3.11549;    -1.28894;     3.23767;    -1.22422;     0.19882;    0.165021;     52.9364;     noimage; 
    3.17228;    -1.20663;     3.23784;    -1.22211;    0.182588;    0.165711;      52.246;     3.17228; 
    3.22907;    -1.12432;     3.34791;     -1.0564;     0.19762;    0.160587;     53.5589;     noimage; 
    3.28168;    -1.03928;     3.40088;   -0.971233;    0.204269;    0.158848;     54.0375;     noimage; 
    3.32997;   -0.951712;     3.44815;   -0.883217;    0.211379;    0.157994;     54.5702;     noimage; 
    3.37383;   -0.861841;     3.44684;    -0.88253;     0.18904;    0.151768;      55.765;     3.37383; 
    3.37383;   -0.861841;     3.48822;   -0.791449;      0.2011;     0.14952;     56.9784;     noimage; 
    3.37383;   -0.861841;     3.48961;   -0.791765;     0.20115;    0.149737;     56.9659;     noimage; 
    3.37383;   -0.861841;     3.48962;   -0.791765;     0.20115;    0.149737;     56.9659;     noimage; 
